0 0.909375 0.34453125 0.159375 0.1890625
0 0.41953125 0.94921875 0.0203125 0.0296875
0 0.415625 0.9390625 0.025 0.0234375
0 0.4015625 0.91875 0.025 0.025
0 0.3984375 0.9703125 0.015625 0.0140625
0 0.4109375 0.984375 0.01875 0.01875
0 0.3296875 0.9890625 0.01875 0.0171875
0 0.3171875 0.971875 0.021875 0.0203125
0 0.303125 0.9578125 0.021875 0.0203125
0 0.296875 0.9453125 0.025 0.0234375
0 0.2828125 0.9359375 0.028125 0.028125
0 0.2984375 0.921875 0.0109375 0.0109375
0 0.171875 0.8953125 0.00625 0.00625
0 0.16875 0.8921875 0.009375 0.0078125
0 0.1640625 0.884375 0.009375 0.009375
0 0.15625 0.909375 0.021875 0.0171875
0 0.159375 0.9265625 0.009375 0.009375
0 0.165625 0.934375 0.0140625 0.0109375
0 0.1734375 0.94375 0.0140625 0.0109375
0 0.18125 0.9671875 0.0078125 0.009375
0 0.190625 0.9765625 0.009375 0.009375
0 0.21640625 0.97421875 0.0453125 0.0515625
0 0.775 0.75625 0.2875 0.446875