0 0.525 0.5734375 0.05625 0.03125
0 0.6953125 0.06640625 0.053125 0.1328125
0 0.97421875 0.253125 0.0515625 0.11875
0 0.2140625 0.8265625 0.428125 0.346875
0 0.53125 0.93984375 0.015625 0.0484375
0 0.5484375 0.946875 0.025 0.0546875
0 0.5921875 0.9640625 0.021875 0.0421875
0 0.6140625 0.9578125 0.0265625 0.0625
0 0.6390625 0.975 0.0171875 0.040625
0 0.6578125 0.96953125 0.021875 0.0609375
0 0.546875 0.8328125 0.015625 0.028125
0 0.578125 0.8421875 0.015625 0.0296875
0 0.59375 0.8453125 0.0125 0.0265625
0 0.6109375 0.8484375 0.0125 0.028125
0 0.625 0.8515625 0.0171875 0.03125
0 0.590625 0.8 0.075 0.028125
0 0.65 0.80625 0.0171875 0.0484375
0 0.66328125 0.8140625 0.0109375 0.04375
0 0.634375 0.6859375 0.01875 0.0609375
0 0.615625 0.684375 0.01875 0.053125
0 0.5921875 0.6859375 0.0171875 0.059375
0 0.571875 0.6890625 0.01875 0.05625
0 0.5453125 0.6875 0.01875 0.0546875
0 0.5296875 0.6921875 0.0125 0.065625
0 0.6625 0.61875 0.0125 0.04375
0 0.64375 0.61875 0.0171875 0.0515625
0 0.625 0.6171875 0.015625 0.046875
0 0.60625 0.61875 0.0171875 0.0484375
0 0.5859375 0.621875 0.015625 0.046875
0 0.565625 0.61875 0.015625 0.0484375
0 0.5484375 0.625 0.015625 0.0421875
0 0.528125 0.6234375 0.009375 0.04375