0 0.05703125 0.45859375 0.0578125 0.1015625
0 0.77421875 0.03203125 0.1203125 0.0640625
0 0.1609375 0.66171875 0.10625 0.3046875
0 0.503125 0.7890625 0.003125 0.0078125
0 0.521875 0.8640625 0.0046875 0.00625
0 0.5296875 0.884375 0.015625 0.040625
0 0.51875 0.7921875 0.028125 0.0109375
0 0.6453125 0.9609375 0.0109375 0.0171875
0 0.59375 0.6359375 0.0140625 0.0125
0 0.65625 0.6953125 0.0203125 0.009375
0 0.70625 0.7296875 0.0078125 0.0125
0 0.609375 0.765625 0.021875 0.0140625
0 0.603125 0.8453125 0.01875 0.0109375
0 0.684375 0.86875 0.0140625 0.01875
0 0.4453125 0.6578125 0.009375 0.009375
0 0.8890625 0.87578125 0.221875 0.0765625