0 0.33359375 0.2015625 0.1109375 0.13125
0 0.7375 0.028125 0.225 0.05625
0 0.19921875 0.71953125 0.3796875 0.2984375
0 0.640625 0.909375 0.0875 0.18125
0 0.74375 0.815625 0.0109375 0.0203125
0 0.975 0.5828125 0.025 0.01875
0 0.9359375 0.54375 0.025 0.0171875
0 0.8265625 0.5640625 0.0265625 0.03125
0 0.890625 0.5953125 0.034375 0.015625
0 0.8484375 0.6421875 0.021875 0.009375
0 0.8078125 0.65 0.0171875 0.0078125
0 0.9515625 0.625 0.0265625 0.0109375
0 0.91875 0.665625 0.021875 0.009375
0 0.95625 0.7109375 0.021875 0.009375
0 0.9765625 0.775 0.0171875 0.0203125
0 0.8703125 0.684375 0.0203125 0.009375
0 0.8734375 0.728125 0.021875 0.009375
0 0.89375 0.7703125 0.021875 0.009375
0 0.84375 0.7859375 0.0109375 0.015625
0 0.8171875 0.696875 0.01875 0.009375
0 0.778125 0.7015625 0.0203125 0.009375
0 0.7328125 0.7328125 0.0203125 0.028125
0 0.79375 0.7640625 0.0234375 0.025
0 0.8 0.8234375 0.0140625 0.0265625
0 0.8484375 0.834375 0.015625 0.0296875
0 0.8203125 0.875 0.0109375 0.0203125
0 0.7953125 0.8671875 0.00625 0.0140625
0 0.7859375 0.865625 0.00625 0.015625
0 0.778125 0.86875 0.0078125 0.0234375
0 0.7515625 0.859375 0.0078125 0.0125
0 0.7359375 0.8546875 0.00625 0.0125
0 0.7265625 0.8546875 0.0078125 0.0171875
0 0.690625 0.8484375 0.0109375 0.01875
0 0.73125 0.8078125 0.0125 0.0296875
0 0.7140625 0.8046875 0.0171875 0.028125
0 0.69375 0.79140625 0.01875 0.0328125