0 0.35234375 0.00625 0.0296875 0.0125
0 0.3125 0.353125 0.0546875 0.0234375
0 0.3796875 0.35625 0.0265625 0.0125
0 0.375 0.3453125 0.0390625 0.0140625
0 0.421875 0.3453125 0.0484375 0.0203125
0 0.4203125 0.3625 0.0453125 0.015625
0 0.4875 0.346875 0.0609375 0.0171875
0 0.3125 0.3046875 0.0578125 0.0265625
0 0.475 0.1671875 0.0734375 0.0171875
0 0.05390625 0.26640625 0.0453125 0.0890625
0 0.7578125 0.075 0.0109375 0.059375
0 0.7984375 0.3984375 0.015625 0.021875
0 0.990625 0.2703125 0.00625 0.003125
0 0.7703125 0.003125 0.003125 0.003125
0 0.01484375 0.60234375 0.0296875 0.0421875
0 0.465625 0.99609375 0.015625 0.0078125
0 0.525 0.9765625 0.0140625 0.01875
0 0.41640625 0.96875 0.0171875 0.015625
0 0.55625 0.5 0.034375 0.18125