0 0.3765625 0.50625 0.00625 0.00625
0 0.3734375 0.434375 0.00625 0.00625
0 0.359375 0.38125 0.0078125 0.00625
0 0.35 0.346875 0.0078125 0.00625
0 0.4234375 0.2484375 0.0125 0.009375
0 0.3875 0.2671875 0.009375 0.0078125
0 0.375 0.3 0.00625 0.00625
0 0.3328125 0.2875 0.00625 0.00625
0 0.34375 0.2296875 0.0078125 0.00625
0 0.3125 0.2296875 0.00625 0.0046875
0 0.278125 0.2 0.0078125 0.0046875
0 0.31875 0.078125 0.0171875 0.0109375
0 0.559375 0.0828125 0.171875 0.121875
0 0.9234375 0.23671875 0.13125 0.0203125
0 0.5359375 0.946875 0.0796875 0.071875
0 0.47265625 0.5453125 0.0453125 0.053125
0 0.9546875 0.5796875 0.090625 0.084375