0 0.12734375 0.22734375 0.2546875 0.2640625
0 0.73359375 0.13125 0.2171875 0.2625
0 0.134375 0.9265625 0.14375 0.075
0 0.41484375 0.60546875 0.0109375 0.0421875
0 0.43125 0.6 0.0265625 0.0625
0 0.45625 0.6171875 0.0171875 0.040625
0 0.478125 0.6125 0.0265625 0.0609375
0 0.5 0.628125 0.015625 0.046875
0 0.5171875 0.628125 0.0140625 0.0359375
0 0.41328125 0.48671875 0.0078125 0.0265625
0 0.428125 0.490625 0.0125 0.028125
0 0.4421875 0.49375 0.0171875 0.03125
0 0.5203125 0.5109375 0.0109375 0.028125
0 0.42734375 0.4421875 0.0359375 0.028125
0 0.4671875 0.4484375 0.0171875 0.0484375
0 0.484375 0.45625 0.01875 0.04375
0 0.5109375 0.4578125 0.0203125 0.053125
0 0.5328125 0.4625 0.015625 0.0421875
0 0.5359375 0.515625 0.0125 0.0328125
0 0.553125 0.5125 0.0109375 0.028125
0 0.546875 0.6296875 0.015625 0.040625
0 0.565625 0.63125 0.01875 0.0515625
0 0.590625 0.6296875 0.0140625 0.040625
0 0.6078125 0.61796875 0.0125 0.0640625
0 0.584375 0.5140625 0.0125 0.028125
0 0.5578125 0.459375 0.0171875 0.053125
0 0.6046875 0.459375 0.015625 0.040625
0 0.61171875 0.51171875 0.0046875 0.0265625
0 0.88671875 0.7203125 0.2265625 0.1125