0 0.14453125 0.1828125 0.2890625 0.134375
0 0.38046875 0.02109375 0.1828125 0.0421875
0 0.16640625 0.9765625 0.0859375 0.03125
0 0.303125 0.65390625 0.00625 0.0171875
0 0.2203125 0.6640625 0.1578125 0.05
0 0.1421875 0.73125 0.065625 0.0265625
0 0.253125 0.73125 0.090625 0.034375
0 0.2953125 0.771875 0.0109375 0.025
0 0.28125 0.7671875 0.009375 0.0234375
0 0.240625 0.76875 0.0109375 0.021875
0 0.2265625 0.771875 0.0125 0.0359375
0 0.2140625 0.7734375 0.0125 0.03125
0 0.2 0.771875 0.0125 0.034375
0 0.1859375 0.771875 0.0109375 0.03125
0 0.16875 0.7765625 0.015625 0.040625
0 0.1546875 0.7734375 0.0125 0.03125
0 0.1390625 0.771875 0.0109375 0.034375
0 0.121875 0.771875 0.0109375 0.028125
0 0.1 0.7671875 0.0203125 0.053125
0 0.134375 0.83125 0.04375 0.0171875
0 0.2109375 0.8359375 0.0328125 0.0125
0 0.2 0.8640625 0.090625 0.025
0 0.2421875 0.884375 0.03125 0.0109375
0 0.2375 0.8953125 0.0453125 0.015625
0 0.24375 0.915625 0.0375 0.0140625
0 0.2125 0.940625 0.1125 0.03125
0 0.1375 0.9453125 0.0296875 0.0125
0 0.2625 0.97890625 0.025 0.0265625
0 0.28984375 0.9671875 0.0328125 0.05
0 0.0078125 0.878125 0.015625 0.025
0 0.92578125 0.81484375 0.1484375 0.3703125