0 0.2765625 0.15859375 0.08125 0.3171875
0 0.30390625 0.68515625 0.0109375 0.0109375
0 0.3 0.725 0.0109375 0.046875
0 0.4109375 0.834375 0.028125 0.028125
0 0.415625 0.80625 0.00625 0.0046875
0 0.4125 0.8 0.0375 0.0109375
0 0.38125 0.8171875 0.0078125 0.0046875
0 0.3796875 0.7890625 0.009375 0.05
0 0.409375 0.759375 0.028125 0.0109375
0 0.3953125 0.7203125 0.00625 0.00625
0 0.3765625 0.71875 0.0125 0.0390625
0 0.4109375 0.7046875 0.034375 0.0109375
0 0.359375 0.68359375 0.009375 0.0078125
0 0.4578125 0.6859375 0.009375 0.0125
0 0.490625 0.7046875 0.05 0.009375
0 0.446875 0.865625 0.0328125 0.0328125
0 0.5125 0.68515625 0.009375 0.0109375
0 0.53359375 0.7359375 0.0109375 0.053125
0 0.5125 0.8375 0.0125 0.0359375
0 0.21875 0.68359375 0.009375 0.0078125
0 0.2625 0.721875 0.0140625 0.0390625
0 0.246875 0.7203125 0.0140625 0.05
0 0.096875 0.68984375 0.034375 0.0203125