0 0.2203125 0.4640625 0.03125 0.0203125
0 0.2328125 0.4203125 0.03125 0.015625
0 0.265625 0.4265625 0.021875 0.0140625
0 0.2984375 0.340625 0.0375 0.0171875
0 0.259375 0.325 0.028125 0.0140625
0 0.11875 0.365625 0.0296875 0.0125
0 0.1578125 0.3671875 0.0203125 0.0125
0 0.1578125 0.353125 0.01875 0.0109375
0 0.1296875 0.3140625 0.028125 0.0140625
0 0.1703125 0.309375 0.0296875 0.0140625
0 0.178125 0.28125 0.03125 0.0140625
0 0.0953125 0.4453125 0.028125 0.0140625
0 0.0109375 0.4484375 0.021875 0.009375
0 0.0390625 0.346875 0.0234375 0.0125
0 0.0140625 0.321875 0.0234375 0.0109375
0 0.04375 0.3359375 0.021875 0.009375
0 0.046875 0.3125 0.0234375 0.0109375
0 0.0171875 0.3109375 0.015625 0.009375
0 0.053125 0.2984375 0.025 0.0125
0 0.0546875 0.2875 0.015625 0.009375
0 0.0671875 0.25 0.028125 0.0109375
0 0.0671875 0.2390625 0.0234375 0.0140625
0 0.0703125 0.225 0.021875 0.0125
0 0.0734375 0.215625 0.0140625 0.009375
0 0.0359375 0.2375 0.015625 0.0078125
0 0.04375 0.1953125 0.0296875 0.021875
0 0.734375 0.3390625 0.096875 0.0578125
0 0.2953125 0.728125 0.1125 0.115625
0 0.08046875 0.98125 0.0671875 0.0375