0 0.72421875 0.4328125 0.2703125 0.071875
0 0.76953125 0.41171875 0.2296875 0.1140625
0 0.09140625 0.68828125 0.1828125 0.1921875
0 0.475 0.99375 0.015625 0.0125
0 0.4578125 0.99140625 0.015625 0.0171875
0 0.4390625 0.990625 0.015625 0.01875
0 0.41875 0.98828125 0.01875 0.0234375
0 0.39765625 0.98984375 0.0171875 0.0203125
0 0.37734375 0.9921875 0.0140625 0.015625
0 0.35859375 0.98828125 0.0171875 0.0234375
0 0.33828125 0.98828125 0.0171875 0.0234375
0 0.31875 0.99140625 0.015625 0.0171875
0 0.29765625 0.9890625 0.0171875 0.021875
0 0.2796875 0.98984375 0.015625 0.0203125
0 0.26015625 0.98984375 0.0171875 0.0203125
0 0.240625 0.9921875 0.015625 0.015625
0 0.2203125 0.98984375 0.015625 0.0203125
0 0.203125 0.99453125 0.015625 0.0109375
0 0.178125 0.99375 0.01875 0.0125
0 0.1546875 0.98671875 0.01875 0.0265625