0 0.0453125 0.2125 0.0609375 0.0859375
0 0.725 0.20625 0.0046875 0.0078125
0 0.728125 0.2265625 0.015625 0.0390625
0 0.7 0.2296875 0.0109375 0.0046875
0 0.6984375 0.2515625 0.0140625 0.0375
0 0.7015625 0.203125 0.0109375 0.0296875
0 0.7015625 0.171875 0.009375 0.0203125
0 0.703125 0.14375 0.00625 0.025
0 0.53984375 0.3359375 0.0109375 0.01875
0 0.525 0.33359375 0.009375 0.0234375
0 0.36953125 0.52421875 0.2390625 0.0515625
0 0.19453125 0.584375 0.1109375 0.06875
0 0.0828125 0.91796875 0.165625 0.1546875
0 0.3421875 0.678125 0.025 0.025
0 0.3734375 0.646875 0.01875 0.0375
0 0.7609375 0.7125 0.1265625 0.175