0 0.44375 0.20625 0.025 0.0234375
0 0.3796875 0.2046875 0.0171875 0.015625
0 0.321875 0.225 0.0234375 0.021875
0 0.225 0.175 0.0125 0.0140625
0 0.29375 0.1734375 0.01875 0.015625
0 0.3984375 0.14375 0.0171875 0.015625
0 0.26875 0.128125 0.025 0.0171875
0 0.3203125 0.1078125 0.0203125 0.0171875
0 0.378125 0.0796875 0.0171875 0.021875
0 0.23125 0.0609375 0.00625 0.00625
0 0.21875 0.046875 0.021875 0.0203125
0 0.2703125 0.00546875 0.021875 0.0109375
0 0.18125 0.196875 0.0203125 0.01875
0 0.1796875 0.0953125 0.0203125 0.015625
0 0.1171875 0.1125 0.015625 0.028125
0 0.08125 0.1484375 0.0140625 0.021875
0 0.1015625 0.178125 0.015625 0.0140625
0 0.0359375 0.1828125 0.0140625 0.01875
0 0.890625 0.3140625 0.1203125 0.0703125
0 0.3375 0.6703125 0.1421875 0.0859375
0 0.5328125 0.7734375 0.128125 0.103125
0 0.9765625 0.496875 0.046875 0.153125