0 0.2921875 0.246875 0.0125 0.0140625
0 0.2984375 0.1328125 0.00625 0.00625
0 0.2859375 0.11875 0.021875 0.0203125
0 0.303125 0.025 0.015625 0.0203125
0 0.0953125 0.0171875 0.0171875 0.01875
0 0.16875 0.021875 0.021875 0.01875
0 0.2484375 0.028125 0.015625 0.015625
0 0.2484375 0.26875 0.0203125 0.01875
0 0.246875 0.1671875 0.0203125 0.015625
0 0.184375 0.184375 0.015625 0.028125
0 0.1484375 0.2203125 0.0140625 0.021875
0 0.16875 0.25 0.015625 0.0140625
0 0.103125 0.2546875 0.0140625 0.01875
0 0.0390625 0.2640625 0.0078125 0.0171875
0 0.025 0.2203125 0.0171875 0.021875
0 0.0078125 0.190625 0.0125 0.0171875
0 0.053125 0.1671875 0.0125 0.01875
0 0.0265625 0.1390625 0.0140625 0.0171875
0 0.04375 0.0359375 0.0171875 0.0171875
0 0.421875 0.021875 0.140625 0.04375
0 0.659375 0.33359375 0.2 0.0328125
0 0.590625 0.93203125 0.0625 0.1359375
0 0.89140625 0.9359375 0.2171875 0.128125