0 0.3828125 0.20703125 0.1125 0.1234375
0 0.8 0.0703125 0.0109375 0.00625
0 0.8640625 0.46484375 0.271875 0.1234375
0 0.9640625 0.9625 0.0109375 0.0171875
0 0.9046875 0.840625 0.0109375 0.0265625
0 0.8015625 0.95625 0.00625 0.021875
0 0.7078125 0.734375 0.0046875 0.0046875
0 0.7625 0.753125 0.00625 0.0046875
0 0.7578125 0.8484375 0.0046875 0.003125
0 0.765625 0.771875 0.0109375 0.0359375
0 0.7109375 0.91875 0.0109375 0.021875
0 0.75 0.86875 0.01875 0.034375
0 0.6859375 0.8703125 0.0125 0.025
0 0.709375 0.746875 0.009375 0.021875
0 0.46875 0.95625 0.003125 0.0078125
0 0.45 0.88125 0.0046875 0.00625
0 0.44453125 0.8609375 0.0109375 0.040625
0 0.453125 0.953125 0.028125 0.0109375