0 0.16484375 0.32265625 0.3296875 0.2328125
0 0.753125 0.0234375 0.0140625 0.0125
0 0.7546875 0.0859375 0.015625 0.00625
0 0.8 0.0671875 0.0171875 0.025
0 0.8671875 0.0296875 0.00625 0.00625
0 0.88125 0.0171875 0.0203125 0.021875
0 0.9234375 0.06875 0.0125 0.021875
0 0.975 0.034375 0.0203125 0.015625
0 0.5609375 0.4203125 0.01875 0.0203125
0 0.6625 0.41875 0.015625 0.0203125
0 0.6453125 0.35625 0.028125 0.015625
0 0.609375 0.3203125 0.021875 0.0140625
0 0.5796875 0.340625 0.0140625 0.015625
0 0.575 0.275 0.01875 0.0140625
0 0.52734375 0.0921875 0.0140625 0.00625
0 0.5359375 0.1390625 0.0171875 0.0125
0 0.5671875 0.165625 0.015625 0.0140625
0 0.565625 0.2109375 0.0171875 0.0078125
0 0.609375 0.196875 0.021875 0.0171875
0 0.621875 0.1375 0.01875 0.0125
0 0.6390625 0.1796875 0.0171875 0.0125
0 0.6625 0.225 0.01875 0.0125
0 0.665625 0.1125 0.0125 0.0171875
0 0.690625 0.1984375 0.0171875 0.0140625
0 0.7046875 0.08984375 0.01875 0.0015625
0 0.7171875 0.1296875 0.0171875 0.0140625
0 0.0890625 0.7796875 0.1265625 0.1640625
0 0.921875 0.62890625 0.15625 0.0515625