0 0.11953125 0.0828125 0.2390625 0.165625
0 0.94453125 0.04921875 0.0734375 0.0984375
0 0.40078125 0.33984375 0.0828125 0.1421875
0 0.7984375 0.94140625 0.003125 0.0296875
0 0.8078125 0.9453125 0.0125 0.0265625
0 0.825 0.9484375 0.0125 0.028125
0 0.8390625 0.9515625 0.0171875 0.03125
0 0.9171875 0.96875 0.0109375 0.028125
0 0.81953125 0.9 0.0453125 0.028125
0 0.8640625 0.90625 0.0171875 0.0484375
0 0.88125 0.9140625 0.01875 0.04375
0 0.9078125 0.915625 0.0203125 0.053125
0 0.9296875 0.9203125 0.015625 0.0421875
0 0.9328125 0.9734375 0.0125 0.0328125
0 0.95 0.9703125 0.0109375 0.028125
0 0.98125 0.971875 0.0125 0.028125
0 0.9546875 0.9171875 0.0171875 0.053125
0 0.996875 0.9171875 0.00625 0.040625
0 0.9953125 0.71640625 0.009375 0.0421875
0 0.98125 0.778125 0.01875 0.0546875
0 0.978125 0.715625 0.01875 0.0484375
0 0.9609375 0.7796875 0.01875 0.0546875
0 0.9375 0.784375 0.01875 0.053125
0 0.915625 0.784375 0.01875 0.0578125
0 0.8953125 0.78125 0.01875 0.05
0 0.8484375 0.7859375 0.01875 0.0609375
0 0.8296875 0.784375 0.01875 0.053125
0 0.80625 0.7859375 0.0171875 0.059375
0 0.9578125 0.7171875 0.0171875 0.0453125
0 0.9375 0.71875 0.0140625 0.040625
0 0.91875 0.7171875 0.0171875 0.053125
0 0.8984375 0.715625 0.0171875 0.05
0 0.878125 0.71875 0.015625 0.04375
0 0.8578125 0.71875 0.0171875 0.0515625
0 0.8390625 0.7171875 0.015625 0.046875
0 0.8203125 0.71875 0.0171875 0.0484375
0 0.80234375 0.721875 0.0109375 0.046875