0 0.021875 0.0359375 0.0375 0.0171875
0 0.0609375 0.0515625 0.028125 0.0140625
0 0.2015625 0.0109375 0.0296875 0.0125
0 0.1625 0.009375 0.0203125 0.0125
0 0.1625 0.0234375 0.01875 0.0109375
0 0.190625 0.0625 0.028125 0.0140625
0 0.15 0.0671875 0.0296875 0.0140625
0 0.1421875 0.0953125 0.03125 0.0140625
0 0.40234375 0.04765625 0.1015625 0.0953125
0 0.1796875 0.45625 0.015625 0.025
0 0.94140625 0.06640625 0.1171875 0.1296875
0 0.2796875 0.7984375 0.36875 0.353125
0 0.6640625 0.640625 0.096875 0.25
0 0.90546875 0.5546875 0.1890625 0.13125
0 0.5359375 0.884375 0.003125 0.0046875
0 0.54375 0.896875 0.0125 0.0140625
0 0.5203125 0.9484375 0.0078125 0.009375