0 0.2734375 0.3046875 0.1203125 0.1046875
0 0.26875 0.7765625 0.125 0.290625
0 0.9875 0.75078125 0.025 0.0078125
0 0.9703125 0.721875 0.0109375 0.028125
0 0.93125 0.7359375 0.00625 0.00625
0 0.92890625 0.7515625 0.0390625 0.00625
0 0.915625 0.7203125 0.0109375 0.034375
0 0.7625 0.7453125 0.015625 0.00625
0 0.784375 0.7453125 0.015625 0.00625
0 0.7828125 0.7375 0.0140625 0.00625
0 0.784375 0.721875 0.015625 0.00625
0 0.66875 0.7375 0.0234375 0.0078125
0 0.6421875 0.7515625 0.0140625 0.00625
0 0.6375 0.7359375 0.025 0.0078125
0 0.6375 0.725 0.0265625 0.0078125
0 0.6328125 0.63125 0.0328125 0.0109375
0 0.6734375 0.690625 0.028125 0.009375
0 0.6703125 0.6796875 0.025 0.009375
0 0.671875 0.65625 0.0265625 0.009375
0 0.671875 0.63125 0.028125 0.0078125
0 0.7625 0.7140625 0.015625 0.00625
0 0.7828125 0.6890625 0.015625 0.0046875
0 0.784375 0.6734375 0.015625 0.00625
0 0.790625 0.6640625 0.025 0.0078125
0 0.7625 0.6640625 0.0140625 0.00625
0 0.7921875 0.65 0.03125 0.0109375
0 0.79375 0.6265625 0.0328125 0.009375
0 0.884375 0.6734375 0.0375 0.009375
0 0.915625 0.640625 0.009375 0.05
0 0.8859375 0.61875 0.03125 0.009375
0 0.7515625 0.6015625 0.03125 0.0109375
0 0.6734375 0.6078125 0.028125 0.0109375
0 0.6359375 0.596875 0.0265625 0.0109375
0 0.66875 0.596875 0.021875 0.0078125
0 0.6703125 0.584375 0.025 0.0078125
0 0.6359375 0.57265625 0.028125 0.0078125
0 0.946875 0.5953125 0.053125 0.015625
0 0.546875 0.6109375 0.003125 0.0046875
0 0.56640625 0.57265625 0.0234375 0.0078125
0 0.53671875 0.571875 0.0203125 0.00625
0 0.5640625 0.58125 0.0140625 0.00625
0 0.5640625 0.5921875 0.0171875 0.00625
0 0.5359375 0.590625 0.0234375 0.00625
0 0.5671875 0.603125 0.021875 0.009375
0 0.5375 0.6140625 0.01875 0.00625
0 0.5640625 0.6125 0.0203125 0.009375
0 0.565625 0.6234375 0.021875 0.0078125
0 0.5359375 0.6234375 0.0203125 0.0078125
0 0.5671875 0.6328125 0.025 0.0078125
0 0.5671875 0.6453125 0.021875 0.009375
0 0.5390625 0.634375 0.015625 0.0078125
0 0.565625 0.653125 0.0203125 0.00625
0 0.56875 0.665625 0.0234375 0.009375
0 0.5375 0.6546875 0.01875 0.00625
0 0.5375 0.6640625 0.01875 0.00625
0 0.565625 0.684375 0.015625 0.00625
0 0.534375 0.6953125 0.0234375 0.0078125
0 0.5671875 0.6953125 0.0265625 0.009375
0 0.5671875 0.7078125 0.0234375 0.0078125
0 0.5359375 0.7171875 0.025 0.009375
0 0.5359375 0.728125 0.021875 0.0078125
0 0.56875 0.7171875 0.025 0.009375
0 0.5671875 0.7296875 0.0203125 0.0078125
0 0.56875 0.740625 0.0265625 0.009375
0 0.565625 0.7484375 0.021875 0.009375
0 0.60625 0.8234375 0.1296875 0.075