0 0.584375 0.45078125 0.109375 0.0703125
0 0.1109375 0.09375 0.1375 0.1859375
0 0.2953125 0.9609375 0.034375 0.078125
0 0.609375 0.96953125 0.05 0.0609375
0 0.5421875 0.940625 0.0265625 0.065625
0 0.5015625 0.99609375 0.034375 0.0078125
0 0.5015625 0.984375 0.03125 0.0109375
0 0.496875 0.9671875 0.040625 0.015625
0 0.5 0.953125 0.03125 0.0125
0 0.5015625 0.9375 0.034375 0.0109375
0 0.5015625 0.9203125 0.028125 0.0109375
0 0.50625 0.8984375 0.053125 0.0203125
0 0.4421875 0.9328125 0.0171875 0.04375
0 0.4375 0.99609375 0.0125 0.0078125
0 0.409375 0.9765625 0.025 0.046875
0 0.3328125 0.97734375 0.03125 0.0453125
0 0.328125 0.9359375 0.0125 0.0296875
0 0.62734375 0.76484375 0.0234375 0.0640625
0 0.3953125 0.7609375 0.025 0.10625
0 0.371875 0.7578125 0.0234375 0.078125
0 0.96640625 0.75 0.0671875 0.203125