0 0.0796875 0.26875 0.1015625 0.184375
0 0.6640625 0.24375 0.065625 0.09375
0 0.90625 0.1 0.00625 0.003125
0 0.9125 0.0390625 0.00625 0.021875
0 0.984375 0.115625 0.0109375 0.0203125
0 0.9375 0.1171875 0.0125 0.01875
0 0.8765625 0.090625 0.009375 0.01875
0 0.865625 0.13125 0.0046875 0.0125
0 0.9078125 0.159375 0.0078125 0.0109375
0 0.9625 0.1953125 0.015625 0.021875
0 0.903125 0.221875 0.0140625 0.01875
0 0.82109375 0.00625 0.0109375 0.0125
0 0.934375 0.2625 0.0078125 0.009375
0 0.9734375 0.3421875 0.0140625 0.0125
0 0.834375 0.234375 0.009375 0.009375
0 0.7625 0.1484375 0.009375 0.015625
0 0.8703125 0.9171875 0.1296875 0.06875