0 0.9140625 0.059375 0.0421875 0.078125
0 0.8421875 0.0453125 0.028125 0.0625
0 0.32734375 0.5171875 0.1484375 0.20625
0 0.934375 0.6046875 0.015625 0.0265625
0 0.83125 0.6984375 0.021875 0.025
0 0.840625 0.6328125 0.021875 0.034375
0 0.7890625 0.6609375 0.0203125 0.025
0 0.678125 0.6 0.021875 0.028125
0 0.6828125 0.6828125 0.025 0.01875
0 0.58125 0.6 0.0265625 0.009375
0 0.64375 0.64375 0.025 0.0171875
0 0.534375 0.6640625 0.0265625 0.03125
0 0.5984375 0.6953125 0.034375 0.015625
0 0.55625 0.7421875 0.021875 0.009375
0 0.51640625 0.74921875 0.0140625 0.0078125
0 0.659375 0.725 0.0265625 0.0109375
0 0.6265625 0.765625 0.021875 0.009375
0 0.79375 0.765625 0.0296875 0.01875
0 0.8421875 0.7921875 0.015625 0.025
0 0.7515625 0.8671875 0.01875 0.0203125
0 0.6640625 0.8109375 0.021875 0.009375
0 0.684375 0.875 0.0171875 0.0203125
0 0.81875 0.9859375 0.0125 0.0234375
0 0.578125 0.784375 0.0203125 0.009375
0 0.58125 0.828125 0.021875 0.009375
0 0.6015625 0.8703125 0.021875 0.009375
0 0.5515625 0.8859375 0.0109375 0.015625
0 0.525 0.796875 0.01875 0.009375
0 0.51171875 0.92265625 0.0046875 0.0265625
0 0.55625 0.934375 0.015625 0.0296875
0 0.528125 0.975 0.0109375 0.0203125