0 0.128125 0.375 0.128125 0.1875
0 0.43671875 0.1 0.1453125 0.05
0 0.92265625 0.21640625 0.1546875 0.1828125
0 0.14375 0.721875 0.05 0.265625
0 0.65 0.68125 0.0203125 0.03125
0 0.60625 0.66875 0.015625 0.03125
0 0.6125 0.6359375 0.0140625 0.021875
0 0.52578125 0.60546875 0.0171875 0.0328125
0 0.5109375 0.6421875 0.0140625 0.028125
0 0.5515625 0.7828125 0.0125 0.0296875
0 0.553125 0.74375 0.0125 0.0203125
0 0.5390625 0.74375 0.0109375 0.01875
0 0.5 0.771875 0.0140625 0.028125
0 0.4953125 0.73125 0.0140625 0.0296875
0 0.4671875 0.7234375 0.0140625 0.03125
0 0.63125 0.80625 0.0140625 0.028125
0 0.634375 0.890625 0.009375 0.0234375
0 0.5328125 0.8625 0.0125 0.0234375
0 0.5078125 0.8875 0.0109375 0.0234375
0 0.521875 0.8578125 0.009375 0.021875
0 0.4984375 0.8546875 0.0109375 0.0234375
0 0.496875 0.884375 0.009375 0.015625
0 0.484375 0.8484375 0.0125 0.025
0 0.4734375 0.846875 0.009375 0.015625
0 0.4359375 0.834375 0.0109375 0.028125
0 0.425 0.834375 0.0140625 0.0234375
0 0.4109375 0.83125 0.0125 0.021875
0 0.4015625 0.828125 0.009375 0.0140625
0 0.4234375 0.865625 0.0078125 0.015625
0 0.38125 0.8578125 0.021875 0.0296875
0 0.334375 0.95 0.015625 0.021875
0 0.3484375 0.95 0.0140625 0.0203125
0 0.3609375 0.965625 0.0140625 0.0203125
0 0.375 0.965625 0.0203125 0.028125
0 0.3984375 0.984375 0.0109375 0.015625
0 0.41484375 0.98828125 0.0171875 0.0234375
0 0.4328125 0.9875 0.0109375 0.0171875
0 0.42109375 0.99765625 0.0109375 0.0046875
0 0.459375 0.996875 0.0125 0.00625
0 0.6359375 0.99296875 0.0125 0.0140625