0 0.165625 0.0984375 0.13125 0.196875
0 0.42578125 0.03671875 0.1078125 0.0734375
0 0.13828125 0.4140625 0.0765625 0.05
0 0.815625 0.2625 0.1109375 0.2296875
0 0.9421875 0.5640625 0.00625 0.00625
0 0.928125 0.5765625 0.0203125 0.021875
0 0.834375 0.559375 0.0203125 0.015625
0 0.6171875 0.6765625 0.015625 0.0171875
0 0.5578125 0.69375 0.0203125 0.0234375
0 0.5796875 0.75625 0.0171875 0.025
0 0.6015625 0.8140625 0.0171875 0.015625
0 0.6765625 0.634375 0.0203125 0.0203125
0 0.740625 0.603125 0.028125 0.025
0 0.7953125 0.6421875 0.0171875 0.0140625
0 0.753125 0.671875 0.0171875 0.015625
0 0.7140625 0.753125 0.0203125 0.015625
0 0.7609375 0.7265625 0.0234375 0.0234375
0 0.7609375 0.7953125 0.0140625 0.01875
0 0.8265625 0.7671875 0.01875 0.0171875
0 0.83125 0.69375 0.01875 0.021875
0 0.8375 0.6140625 0.015625 0.015625
0 0.9765625 0.615625 0.015625 0.0203125
0 0.98984375 0.678125 0.0203125 0.015625
0 0.9953125 0.8546875 0.009375 0.0125
0 0.9765625 0.809375 0.01875 0.0125
0 0.990625 0.9578125 0.0171875 0.0140625
0 0.9734375 0.921875 0.0125 0.0171875
0 0.9484375 0.8359375 0.0171875 0.0140625
0 0.934375 0.946875 0.01875 0.0078125
0 0.921875 0.9046875 0.0171875 0.0140625
0 0.896875 0.959375 0.0171875 0.0125
0 0.884375 0.8703125 0.0203125 0.01875
0 0.8453125 0.81875 0.0171875 0.0171875
0 0.784375 0.8484375 0.0140625 0.0171875
0 0.7625 0.978125 0.01875 0.0125
0 0.66875 0.846875 0.01875 0.0140625
0 0.6390625 0.99921875 0.01875 0.0015625
0 0.5734375 0.884375 0.0203125 0.0203125
0 0.5734375 0.95 0.0203125 0.01875