0 0.21875 0.375 0.26875 0.1109375
0 0.6734375 0.04453125 0.11875 0.0890625
0 0.0921875 0.76875 0.0046875 0.003125
0 0.0796875 0.771875 0.0234375 0.00625
0 0.51171875 0.74453125 0.0140625 0.0203125
0 0.5015625 0.73125 0.021875 0.0203125
0 0.4953125 0.71875 0.025 0.0234375
0 0.48125 0.709375 0.028125 0.028125
0 0.496875 0.6953125 0.0109375 0.0109375
0 0.3703125 0.66875 0.00625 0.00625
0 0.3671875 0.665625 0.009375 0.0078125
0 0.3625 0.6578125 0.009375 0.009375
0 0.3546875 0.6828125 0.021875 0.0171875
0 0.3578125 0.7 0.009375 0.009375
0 0.3640625 0.7078125 0.0140625 0.0109375
0 0.371875 0.7171875 0.0140625 0.0109375
0 0.3796875 0.740625 0.0078125 0.009375
0 0.3890625 0.75 0.009375 0.009375
0 0.415625 0.7578125 0.0453125 0.071875
0 0.48515625 0.85625 0.0671875 0.165625
0 0.4984375 0.9171875 0.0078125 0.0078125
0 0.4890625 0.9078125 0.0046875 0.00625
0 0.4640625 0.9109375 0.0078125 0.0078125
0 0.4265625 0.89375 0.05 0.0328125
0 0.4890625 0.9546875 0.059375 0.090625
0 0.10625 0.9046875 0.00625 0.0046875
0 0.0984375 0.896875 0.0234375 0.009375
0 0.00625 0.97734375 0.0125 0.0078125
0 0.8015625 0.725 0.046875 0.0828125