0 0.1671875 0.171875 0.128125 0.1875
0 0.7625 0.0796875 0.253125 0.159375
0 0.459375 0.8 0.028125 0.10625
0 0.4359375 0.64375 0.0140625 0.0078125
0 0.4640625 0.69375 0.0296875 0.071875
0 0.43125 0.684375 0.025 0.071875
0 0.43125 0.7546875 0.0203125 0.059375
0 0.425 0.825 0.028125 0.071875
0 0.3546875 0.7625 0.0375 0.1
0 0.3125 0.853125 0.0171875 0.0109375
0 0.303125 0.7671875 0.05 0.1578125
0 0.2359375 0.6890625 0.0265625 0.065625
0 0.2359375 0.8 0.034375 0.090625
0 0.1953125 0.8421875 0.025 0.0109375
0 0.2 0.828125 0.0234375 0.009375
0 0.1984375 0.7875 0.021875 0.0109375
0 0.1953125 0.7734375 0.0359375 0.0125
0 0.19375 0.7609375 0.03125 0.0125
0 0.1953125 0.746875 0.034375 0.0125
0 0.1953125 0.7328125 0.03125 0.0109375
0 0.190625 0.715625 0.040625 0.015625
0 0.19375 0.7015625 0.03125 0.0125
0 0.1953125 0.6859375 0.034375 0.0109375
0 0.1953125 0.66875 0.028125 0.0109375
0 0.2 0.646875 0.053125 0.0203125
0 0.1359375 0.68125 0.0171875 0.04375
0 0.13125 0.7578125 0.0125 0.0328125
0 0.103125 0.746875 0.025 0.090625
0 0.0828125 0.7890625 0.0109375 0.03125
0 0.071875 0.784375 0.015625 0.0453125
0 0.0515625 0.790625 0.0140625 0.0375
0 0.0265625 0.759375 0.03125 0.1125
0 0.021875 0.684375 0.0125 0.0296875
0 0.396875 0.503125 0.05 0.01875
0 0.3984375 0.4859375 0.053125 0.015625
0 0.321875 0.5140625 0.0234375 0.0640625
0 0.0890625 0.509375 0.025 0.10625
0 0.065625 0.50625 0.0234375 0.078125
0 0.6171875 0.8390625 0.0734375 0.2125