0 0.7421875 0.00859375 0.165625 0.0171875
0 0.6078125 0.36640625 0.103125 0.5046875
0 0.6734375 0.1609375 0.0125 0.0140625
0 0.6671875 0.275 0.00625 0.00625
0 0.6796875 0.2890625 0.021875 0.0203125
0 0.66484375 0.38203125 0.0109375 0.0203125
0 0.7796875 0.6 0.0171875 0.015625
0 0.9171875 0.6125 0.015625 0.0125
0 0.7375 0.540625 0.0203125 0.0203125
0 0.70625 0.4765625 0.025 0.028125
0 0.7453125 0.421875 0.0140625 0.0171875
0 0.775 0.4640625 0.015625 0.0171875
0 0.85625 0.503125 0.015625 0.0203125
0 0.8296875 0.45625 0.0234375 0.0234375
0 0.8984375 0.45625 0.01875 0.0140625
0 0.8703125 0.390625 0.0171875 0.01875
0 0.796875 0.3859375 0.021875 0.01875
0 0.7171875 0.3796875 0.015625 0.015625
0 0.7171875 0.1390625 0.0203125 0.01875
0 0.71875 0.240625 0.0203125 0.015625
0 0.78125 0.2234375 0.015625 0.028125
0 0.8171875 0.1875 0.0140625 0.021875
0 0.796875 0.1578125 0.015625 0.0140625
0 0.8625 0.153125 0.0140625 0.01875
0 0.99609375 0.11328125 0.0078125 0.0171875
0 0.971875 0.1453125 0.0140625 0.015625
0 0.9265625 0.14375 0.0078125 0.0171875
0 0.940625 0.1875 0.0171875 0.021875
0 0.996875 0.2 0.00625 0.01875
0 0.9578125 0.2171875 0.0125 0.0171875
0 0.9125 0.240625 0.0125 0.01875
0 0.9390625 0.26875 0.0140625 0.0171875
0 0.9734375 0.3328125 0.01875 0.0203125
0 0.921875 0.371875 0.0171875 0.0171875
0 0.9515625 0.4328125 0.0171875 0.0140625
0 0.95 0.5484375 0.0140625 0.01875
0 0.16953125 0.940625 0.2671875 0.11875
0 0.42265625 0.753125 0.0921875 0.13125
0 0.8828125 0.6296875 0.084375 0.021875