0 0.6046875 0.03515625 0.05 0.0703125
0 0.8921875 0.078125 0.05625 0.1171875
0 0.125 0.5109375 0.0859375 0.034375
0 0.04609375 0.98125 0.0921875 0.028125
0 0.1953125 0.9578125 0.0078125 0.0140625
0 0.1453125 0.98515625 0.071875 0.0296875
0 0.1546875 0.953125 0.071875 0.025
0 0.084375 0.953125 0.059375 0.0203125
0 0.025 0.946875 0.05 0.028125
0 0.0765625 0.8765625 0.1 0.0375
0 0.075 0.825 0.15 0.05
0 0.15 0.7578125 0.065625 0.0265625
0 0.0421875 0.7578125 0.084375 0.034375
0 0.0109375 0.721875 0.009375 0.0234375
0 0.0515625 0.7203125 0.0109375 0.021875
0 0.065625 0.7171875 0.0125 0.0359375
0 0.078125 0.715625 0.0125 0.03125
0 0.0921875 0.7171875 0.0125 0.034375
0 0.10625 0.7171875 0.0109375 0.03125
0 0.1234375 0.7125 0.015625 0.040625
0 0.1375 0.715625 0.0125 0.03125
0 0.153125 0.7171875 0.0109375 0.034375
0 0.1703125 0.7171875 0.0109375 0.028125
0 0.1921875 0.721875 0.0203125 0.053125
0 0.1578125 0.6578125 0.04375 0.0171875
0 0.08125 0.653125 0.0328125 0.0125
0 0.0921875 0.625 0.090625 0.025
0 0.05 0.6046875 0.03125 0.0109375
0 0.0546875 0.59375 0.0453125 0.015625
0 0.0484375 0.5734375 0.0375 0.0140625
0 0.0796875 0.5484375 0.1125 0.03125
0 0.1546875 0.54375 0.0296875 0.0125
0 0.0296875 0.459375 0.025 0.128125
0 0.00859375 0.4796875 0.0171875 0.134375
0 0.3359375 0.91875 0.01875 0.05
0 0.353125 0.9203125 0.015625 0.053125
0 0.325 0.84375 0.0640625 0.0234375
0 0.3296875 0.6109375 0.10625 0.025
0 0.3328125 0.5875 0.078125 0.0234375
0 0.6765625 0.83125 0.05625 0.1109375