0 0.625 0.6765625 0.0546875 0.0234375
0 0.6921875 0.6796875 0.0265625 0.0125
0 0.6875 0.66875 0.0390625 0.0140625
0 0.734375 0.66875 0.0484375 0.0203125
0 0.7328125 0.6859375 0.0453125 0.015625
0 0.8 0.6703125 0.0609375 0.0171875
0 0.9 0.671875 0.1109375 0.0328125
0 0.9203125 0.78125 0.05625 0.021875
0 0.625 0.628125 0.0578125 0.0265625
0 0.7875 0.490625 0.0734375 0.0171875
0 0.3625 0.590625 0.0546875 0.0890625
0 0.284375 0.715625 0.0171875 0.0296875
0 0.3265625 0.7171875 0.0234375 0.03125
0 0.3375 0.7390625 0.021875 0.009375
0 0.30625 0.7234375 0.0109375 0.0125