0 0.54140625 0.09375 0.2359375 0.10625
0 0.94140625 0.0390625 0.1171875 0.078125
0 0.859375 0.4734375 0.0171875 0.0296875
0 0.8734375 0.4703125 0.015625 0.028125
0 0.8859375 0.4640625 0.015625 0.0265625
0 0.903125 0.4578125 0.0140625 0.028125
0 0.9140625 0.4546875 0.015625 0.0265625
0 0.928125 0.4484375 0.015625 0.028125
0 0.94375 0.446875 0.015625 0.028125
0 0.9234375 0.4203125 0.025 0.0125
0 0.9 0.4296875 0.0140625 0.009375
0 0.859375 0.440625 0.028125 0.0125
0 0.8421875 0.4796875 0.0203125 0.034375
0 0.8265625 0.4921875 0.0171875 0.046875
0 0.80625 0.490625 0.0171875 0.0484375
0 0.7875 0.4921875 0.0171875 0.046875
0 0.765625 0.49375 0.01875 0.05
0 0.778125 0.4359375 0.015625 0.034375
0 0.7609375 0.434375 0.015625 0.0390625
0 0.7421875 0.434375 0.015625 0.0421875
0 0.725 0.4953125 0.01875 0.0546875
0 0.721875 0.4328125 0.01875 0.0484375
0 0.7046875 0.496875 0.01875 0.0546875
0 0.68125 0.5015625 0.01875 0.053125
0 0.6640625 0.50078125 0.009375 0.0578125
0 0.7015625 0.434375 0.0171875 0.0453125
0 0.68125 0.4359375 0.0140625 0.040625
0 0.66484375 0.434375 0.0109375 0.053125
0 0.88671875 0.665625 0.2265625 0.271875