0 0.671875 0.046875 0.1375 0.0859375
0 0.0359375 0.89375 0.021875 0.059375
0 0.2625 0.6171875 0.015625 0.0609375
0 0.57421875 0.53125 0.2703125 0.21875
0 0.46484375 0.8125 0.0515625 0.06875
0 0.8359375 0.784375 0.0171875 0.034375
0 0.80625 0.8 0.0109375 0.0203125
0 0.796875 0.8 0.0140625 0.028125
0 0.8265625 0.821875 0.0109375 0.0203125
0 0.8171875 0.825 0.0109375 0.021875
0 0.796875 0.834375 0.015625 0.0265625
0 0.784375 0.803125 0.0171875 0.0296875
0 0.7296875 0.82578125 0.009375 0.0296875
0 0.7328125 0.8625 0.015625 0.028125
0 0.7375 0.94765625 0.025 0.0421875