0 0.51171875 0.21875 0.0140625 0.015625
0 0.496875 0.159375 0.0234375 0.0203125
0 0.434375 0.18125 0.025 0.0171875
0 0.3765625 0.203125 0.015625 0.0171875
0 0.51484375 0.35390625 0.0078125 0.0171875
0 0.4375 0.315625 0.015625 0.0203125
0 0.4640625 0.3625 0.0234375 0.0234375
0 0.3953125 0.3625 0.01875 0.0140625
0 0.4234375 0.428125 0.0171875 0.01875
0 0.496875 0.4328125 0.021875 0.01875
0 0.24296875 0.5328125 0.0078125 0.0125
0 0.2859375 0.5234375 0.0140625 0.0171875
0 0.23125 0.4984375 0.0125 0.0171875
0 0.3203125 0.4859375 0.01875 0.0203125
0 0.371875 0.446875 0.0171875 0.0171875
0 0.3421875 0.3859375 0.0171875 0.0140625
0 0.2125 0.3640625 0.0125 0.01875
0 0.1671875 0.3734375 0.015625 0.0109375
0 0.175 0.31875 0.021875 0.015625
0 0.34375 0.2703125 0.0140625 0.01875
0 0.1828125 0.240625 0.0171875 0.01875
0 0.30625 0.175 0.0203125 0.0203125
0 0.240625 0.175 0.01875 0.0203125
0 0.1625 0.1875 0.015625 0.0203125
0 0.1484375 0.1359375 0.0125 0.01875
0 0.0734375 0.153125 0.0109375 0.0140625
0 0.0171875 0.1609375 0.015625 0.01875
0 0.0296875 0.2875 0.0140625 0.0234375
0 0.040625 0.2265625 0.0125 0.01875
0 0.1296875 0.25 0.015625 0.015625
0 0.1015625 0.3234375 0.0140625 0.021875
0 0.090625 0.4046875 0.015625 0.01875
0 0.01875 0.4609375 0.0125 0.0171875
0 0.05625 0.4515625 0.0140625 0.0203125
0 0.1140625 0.44375 0.0140625 0.015625
0 0.1421875 0.515625 0.0140625 0.01875
0 0.0375 0.5109375 0.0109375 0.0171875
0 0.9109375 0.0328125 0.10625 0.0390625
0 0.396875 0.6359375 0.065625 0.0984375
0 0.8796875 0.65625 0.071875 0.234375