0 0.04375 0.1140625 0.0359375 0.046875
0 0.5125 0.1171875 0.028125 0.028125
0 0.5171875 0.0890625 0.00625 0.0046875
0 0.5140625 0.0828125 0.0375 0.0109375
0 0.4828125 0.1 0.0078125 0.0046875
0 0.48125 0.071875 0.009375 0.05
0 0.5109375 0.0421875 0.028125 0.0109375
0 0.496875 0.003125 0.00625 0.00625
0 0.478125 0.01015625 0.0125 0.0203125
0 0.5484375 0.1484375 0.0328125 0.0328125
0 0.6375 0.02265625 0.015625 0.0453125
0 0.6140625 0.1203125 0.0125 0.0359375
0 0.7484375 0.034375 0.021875 0.009375
0 0.75 0.0453125 0.01875 0.0078125
0 0.7484375 0.0546875 0.0234375 0.0078125
0 0.75 0.0953125 0.0203125 0.0078125
0 0.76875 0.0671875 0.0078125 0.0234375
0 0.77109375 0.009375 0.0140625 0.01875
0 0.65 0.35234375 0.2375 0.1140625
0 0.13671875 0.459375 0.0921875 0.1
0 0.1203125 0.7453125 0.240625 0.203125
0 0.69296875 0.44609375 0.3171875 0.0734375
0 0.934375 0.46171875 0.078125 0.1046875
0 0.90859375 0.74453125 0.1140625 0.0609375