0 0.43828125 0.2703125 0.0609375 0.10625
0 0.9921875 0.2828125 0.015625 0.0265625
0 0.8890625 0.3765625 0.021875 0.025
0 0.8984375 0.3109375 0.021875 0.034375
0 0.846875 0.3390625 0.0203125 0.025
0 0.8375 0.128125 0.01875 0.0234375
0 0.7421875 0.1640625 0.015625 0.0296875
0 0.7359375 0.278125 0.021875 0.028125
0 0.740625 0.3609375 0.025 0.01875
0 0.7046875 0.2296875 0.015625 0.028125
0 0.6390625 0.278125 0.0265625 0.009375
0 0.7015625 0.321875 0.025 0.0171875
0 0.5921875 0.3421875 0.0265625 0.03125
0 0.65625 0.3734375 0.034375 0.015625
0 0.6140625 0.4203125 0.021875 0.009375
0 0.5734375 0.428125 0.0171875 0.0078125
0 0.7171875 0.403125 0.0265625 0.0109375
0 0.684375 0.44375 0.021875 0.009375
0 0.8515625 0.44375 0.0296875 0.01875
0 0.9 0.4703125 0.015625 0.025
0 0.721875 0.4890625 0.021875 0.009375
0 0.6359375 0.4625 0.0203125 0.009375
0 0.6390625 0.50546875 0.021875 0.0078125
0 0.5828125 0.475 0.01875 0.009375
0 0.54375 0.4796875 0.0203125 0.009375
0 0.49765625 0.503125 0.0203125 0.0125
0 0.18984375 0.95 0.3796875 0.1
0 0.690625 0.803125 0.2125 0.15
0 0.97109375 0.7109375 0.0578125 0.059375
0 0.91953125 0.55390625 0.1046875 0.0890625
0 0.8453125 0.61875 0.0796875 0.10625
0 0.8484375 0.74140625 0.103125 0.0734375
0 0.8578125 0.85 0.121875 0.084375