0 0.4671875 0.2875 0.0140625 0.0125
0 0.353125 0.28125 0.00625 0.00625
0 0.3390625 0.29375 0.0203125 0.021875
0 0.2453125 0.2765625 0.0203125 0.015625
0 0.028125 0.39375 0.015625 0.0171875
0 0.0125 0.53125 0.0171875 0.015625
0 0.0875 0.3515625 0.0203125 0.0203125
0 0.1515625 0.3203125 0.028125 0.025
0 0.20625 0.359375 0.0171875 0.0140625
0 0.1640625 0.3890625 0.0171875 0.015625
0 0.125 0.4703125 0.0203125 0.015625
0 0.171875 0.44375 0.0234375 0.0234375
0 0.171875 0.5125 0.0140625 0.01875
0 0.2375 0.484375 0.01875 0.0171875
0 0.2421875 0.4109375 0.01875 0.021875
0 0.2484375 0.33125 0.015625 0.015625
0 0.4890625 0.33125 0.01875 0.0203125
0 0.3875 0.3328125 0.015625 0.0203125
0 0.4046875 0.3953125 0.028125 0.015625
0 0.440625 0.43125 0.021875 0.0140625
0 0.4703125 0.4109375 0.0140625 0.015625
0 0.475 0.4765625 0.01875 0.0140625
0 0.4828125 0.5859375 0.015625 0.0140625
0 0.484375 0.540625 0.0171875 0.0078125
0 0.440625 0.5546875 0.021875 0.0171875
0 0.428125 0.6140625 0.01875 0.0125
0 0.4109375 0.571875 0.0171875 0.0125
0 0.3875 0.5265625 0.01875 0.0125
0 0.384375 0.6390625 0.0125 0.0171875
0 0.359375 0.553125 0.0171875 0.0140625
0 0.3453125 0.6640625 0.01875 0.0078125
0 0.3328125 0.621875 0.0171875 0.0140625
0 0.2953125 0.5875 0.0203125 0.01875
0 0.25625 0.5359375 0.0171875 0.0171875
0 0.1953125 0.565625 0.0140625 0.0171875
0 0.0796875 0.5640625 0.01875 0.0140625