0 0.3640625 0.3015625 0.0125 0.0140625
0 0.3703125 0.1875 0.00625 0.00625
0 0.3578125 0.1734375 0.021875 0.0203125
0 0.375 0.0796875 0.015625 0.0203125
0 0.2921875 0.040625 0.0140625 0.0171875
0 0.2625 0.003125 0.015625 0.00625
0 0.20703125 0.00859375 0.0234375 0.0171875
0 0.1390625 0.00625 0.01875 0.0125
0 0.1671875 0.071875 0.0171875 0.01875
0 0.240625 0.0765625 0.021875 0.01875
0 0.3203125 0.0828125 0.015625 0.015625
0 0.3203125 0.3234375 0.0203125 0.01875
0 0.31875 0.221875 0.0203125 0.015625
0 0.25625 0.2390625 0.015625 0.028125
0 0.2203125 0.275 0.0140625 0.021875
0 0.240625 0.3046875 0.015625 0.0140625
0 0.175 0.309375 0.0140625 0.01875
0 0.0390625 0.3484375 0.0125 0.0171875
0 0.065625 0.3171875 0.0140625 0.015625
0 0.1109375 0.31875 0.0078125 0.0171875
0 0.096875 0.275 0.0171875 0.021875
0 0.0375 0.2625 0.0125 0.01875
0 0.0796875 0.2453125 0.0125 0.0171875
0 0.125 0.221875 0.0125 0.01875
0 0.0125 0.21875 0.0171875 0.0125
0 0.0984375 0.19375 0.0140625 0.0171875
0 0.0296875 0.1671875 0.0140625 0.0171875
0 0.0640625 0.1296875 0.01875 0.0203125
0 0.115625 0.090625 0.0171875 0.0171875
0 0.0859375 0.0296875 0.0171875 0.0140625
0 0.49375 0.04921875 0.140625 0.0984375
0 0.7953125 0.603125 0.078125 0.0859375