0 0.0625 0.15390625 0.065625 0.3078125
0 0.990625 0.1890625 0.0078125 0.0265625
0 0.95625 0.1796875 0.0046875 0.0078125
0 0.9890625 0.2171875 0.009375 0.0265625
0 0.959375 0.2 0.015625 0.0390625
0 0.93125 0.203125 0.0109375 0.0046875
0 0.9296875 0.225 0.0140625 0.0375
0 0.9328125 0.1765625 0.0109375 0.0296875
0 0.9328125 0.1453125 0.009375 0.0203125
0 0.934375 0.1171875 0.00625 0.025
0 0.8546875 0.396875 0.0109375 0.021875
0 0.771875 0.3109375 0.0109375 0.0203125
0 0.75625 0.3125 0.009375 0.034375
0 0.196875 0.559375 0.240625 0.1734375
0 0.7015625 0.5859375 0.1 0.1171875