0 0.47421875 0.02734375 0.1109375 0.0546875
0 0.4921875 0.2390625 0.075 0.153125
0 0.7015625 0.0703125 0.003125 0.00625
0 0.640625 0.0640625 0.021875 0.00625
0 0.71875 0.0390625 0.01875 0.0125
0 0.6921875 0.1 0.01875 0.009375
0 0.7328125 0.1109375 0.0125 0.0046875
0 0.7609375 0.06875 0.0109375 0.0078125
0 0.796875 0.0140625 0.021875 0.015625
0 0.8234375 0.0734375 0.01875 0.0140625
0 0.5328125 0.1078125 0.003125 0.0046875
0 0.603125 0.1546875 0.021875 0.0109375
0 0.553125 0.115625 0.034375 0.01875
0 0.5546875 0.1796875 0.025 0.0125
0 0.640625 0.396875 0.0078125 0.003125
0 0.565625 0.415625 0.00625 0.0046875
0 0.54765625 0.4234375 0.0359375 0.015625
0 0.6375 0.4125 0.0109375 0.028125
0 0.79375 0.4875 0.0125 0.0140625
0 0.6640625 0.503125 0.0140625 0.021875
0 0.584375 0.496875 0.0109375 0.01875
0 0.8359375 0.1421875 0.009375 0.009375
0 0.75 0.2140625 0.015625 0.009375
0 0.771875 0.3390625 0.009375 0.009375
0 0.92421875 0.37890625 0.1515625 0.3046875
0 0.1734375 0.7125 0.3140625 0.2984375