0 0.3609375 0.3140625 0.065625 0.075
0 0.73203125 0.00390625 0.0296875 0.0078125
0 0.75625 0.0609375 0.0296875 0.0234375
0 0.7625 0.0765625 0.0296875 0.0171875
0 0.7921875 0.0515625 0.028125 0.0171875
0 0.7953125 0.0640625 0.0234375 0.0140625
0 0.7890625 0.0796875 0.00625 0.009375
0 0.76875 0.0890625 0.0265625 0.0140625
0 0.7765625 0.1046875 0.0203125 0.0125
0 0.78125 0.1140625 0.0203125 0.0125
0 0.784375 0.1234375 0.0234375 0.0125
0 0.790625 0.13125 0.01875 0.0125
0 0.80625 0.0890625 0.0265625 0.0171875
0 0.809375 0.1015625 0.0140625 0.009375
0 0.8125 0.1109375 0.01875 0.0109375
0 0.8171875 0.1203125 0.028125 0.0125
0 0.821875 0.1296875 0.01875 0.0109375
0 0.7921875 0.1421875 0.0265625 0.015625
0 0.825 0.1390625 0.0203125 0.009375
0 0.7953125 0.153125 0.021875 0.0125
0 0.878125 0.0703125 0.0421875 0.0734375
0 0.6859375 0.784375 0.1546875 0.2703125