0 0.57890625 0.0171875 0.1296875 0.034375
0 0.5765625 0.178125 0.025 0.009375
0 0.578125 0.165625 0.025 0.0078125
0 0.5734375 0.153125 0.0328125 0.009375
0 0.4921875 0.1515625 0.0390625 0.0125
0 0.4859375 0.2515625 0.015625 0.0078125
0 0.484375 0.3265625 0.0125 0.00625
0 0.484375 0.34375 0.0140625 0.00625
0 0.5765625 0.2859375 0.0265625 0.009375
0 0.575 0.3328125 0.0265625 0.009375
0 0.575 0.3578125 0.028125 0.009375
0 0.575 0.4046875 0.028125 0.009375
0 0.484375 0.36875 0.0140625 0.00625
0 0.4859375 0.3765625 0.01875 0.00625
0 0.4828125 0.39375 0.0125 0.00625
0 0.4859375 0.4015625 0.0171875 0.00625
0 0.4625 0.3921875 0.0171875 0.00625
0 0.4640625 0.4171875 0.015625 0.00625
0 0.4859375 0.4171875 0.0140625 0.00625
0 0.4859375 0.4265625 0.01875 0.0078125
0 0.4640625 0.425 0.0140625 0.0046875
0 0.4640625 0.45 0.0140625 0.00625
0 0.484375 0.4671875 0.015625 0.00625
0 0.4828125 0.45 0.0140625 0.00625
0 0.4625 0.4671875 0.015625 0.00625
0 0.4640625 0.475 0.0140625 0.00625
0 0.4625 0.490625 0.015625 0.00625
0 0.5734375 0.428125 0.03125 0.009375
0 0.603125 0.4296875 0.0046875 0.00625
0 0.6109375 0.4390625 0.028125 0.0078125
0 0.578125 0.475 0.0234375 0.0078125
0 0.6046875 0.4609375 0.0140625 0.00625
0 0.609375 0.4765625 0.025 0.0078125
0 0.609375 0.4875 0.0265625 0.0078125
0 0.6140625 0.58125 0.0328125 0.0109375
0 0.5734375 0.521875 0.028125 0.009375
0 0.5765625 0.5328125 0.025 0.009375
0 0.575 0.55625 0.0265625 0.009375
0 0.575 0.58125 0.028125 0.0078125
0 0.484375 0.4984375 0.015625 0.00625
0 0.4640625 0.5234375 0.015625 0.0046875
0 0.4625 0.5390625 0.015625 0.00625
0 0.45625 0.5484375 0.025 0.0078125
0 0.484375 0.5484375 0.0140625 0.00625
0 0.4546875 0.5625 0.03125 0.0109375
0 0.45390625 0.5859375 0.0296875 0.009375
0 0.4953125 0.6109375 0.03125 0.0109375
0 0.5734375 0.6046875 0.028125 0.0109375
0 0.61015625 0.6140625 0.0265625 0.009375
0 0.578125 0.61484375 0.021875 0.0078125
0 0.57734375 0.13203125 0.0234375 0.0046875
0 0.4625 0.36875 0.0171875 0.00625
0 0.465625 0.3421875 0.0171875 0.0078125
0 0.4625 0.3171875 0.0171875 0.009375
0 0.459375 0.2890625 0.0234375 0.009375
0 0.45625 0.2265625 0.0296875 0.0109375
0 0.4609375 0.2046875 0.021875 0.009375
0 0.4546875 0.175 0.03125 0.0125
0 0.0859375 0.9859375 0.153125 0.028125
0 0.74765625 0.87421875 0.5046875 0.2515625