0 0.3390625 0.215625 0.1046875 0.0890625
0 0.48828125 0.06328125 0.0421875 0.0546875
0 0.0796875 0.5390625 0.009375 0.025
0 0.0671875 0.5375 0.0078125 0.025
0 0.0546875 0.5421875 0.009375 0.0328125
0 0.053125 0.6234375 0.0125 0.0390625
0 0.153125 0.6296875 0.0078125 0.015625
0 0.228125 0.63125 0.00625 0.0125
0 0.2453125 0.63125 0.00625 0.0140625
0 0.1875 0.5390625 0.009375 0.0265625
0 0.234375 0.540625 0.009375 0.0265625
0 0.2796875 0.40625 0.0078125 0.0234375
0 0.259375 0.540625 0.009375 0.028125
0 0.30625 0.540625 0.009375 0.028125
0 0.2703125 0.63125 0.00625 0.0140625
0 0.278125 0.6296875 0.00625 0.01875
0 0.2953125 0.6328125 0.00625 0.0125
0 0.303125 0.6296875 0.00625 0.0171875
0 0.29375 0.653125 0.00625 0.0171875
0 0.2875 0.753125 0.0109375 0.034375
0 0.2828125 0.8046875 0.0109375 0.046875
0 0.39375 0.9140625 0.028125 0.028125
0 0.3984375 0.8859375 0.00625 0.0046875
0 0.3953125 0.8796875 0.0375 0.0109375
0 0.3640625 0.896875 0.0078125 0.0046875
0 0.3625 0.86875 0.009375 0.05
0 0.3921875 0.8390625 0.028125 0.0109375
0 0.378125 0.8 0.00625 0.00625
0 0.359375 0.7984375 0.0125 0.0390625
0 0.39375 0.784375 0.034375 0.0109375
0 0.3421875 0.7484375 0.009375 0.0375
0 0.31875 0.6515625 0.00625 0.015625
0 0.31875 0.6296875 0.00625 0.0140625
0 0.328125 0.6296875 0.0078125 0.01875
0 0.3265625 0.6515625 0.0046875 0.0140625
0 0.3515625 0.6515625 0.00625 0.0140625
0 0.36875 0.63125 0.00625 0.015625
0 0.3515625 0.6328125 0.00625 0.0140625
0 0.36875 0.653125 0.00625 0.015625
0 0.3765625 0.6515625 0.00625 0.0140625
0 0.3921875 0.653125 0.00625 0.015625
0 0.3296875 0.5421875 0.009375 0.03125
0 0.33125 0.5125 0.00625 0.0046875
0 0.340625 0.5046875 0.0078125 0.028125
0 0.3765625 0.5375 0.0078125 0.0234375
0 0.3625 0.5109375 0.00625 0.0140625
0 0.378125 0.50625 0.0078125 0.025
0 0.3890625 0.50625 0.0078125 0.0265625
0 0.4828125 0.5015625 0.0109375 0.0328125
0 0.4234375 0.5421875 0.009375 0.028125
0 0.434375 0.5390625 0.009375 0.025
0 0.4578125 0.540625 0.009375 0.0265625
0 0.4828125 0.540625 0.0078125 0.028125
0 0.4 0.63125 0.00625 0.015625
0 0.425 0.6515625 0.0046875 0.015625
0 0.440625 0.653125 0.00625 0.015625
0 0.45 0.659375 0.0078125 0.025
0 0.45 0.63125 0.00625 0.0140625
0 0.4640625 0.6609375 0.0109375 0.03125
0 0.4875 0.6625 0.009375 0.0328125
0 0.440625 0.753125 0.009375 0.0375
0 0.4734375 0.784375 0.05 0.009375
0 0.4296875 0.9453125 0.0328125 0.0328125
0 0.4953125 0.7546875 0.009375 0.03125
0 0.5125 0.6203125 0.0109375 0.03125
0 0.50625 0.5421875 0.0109375 0.028125
0 0.5171875 0.5046875 0.0109375 0.0265625
0 0.5171875 0.5375 0.0078125 0.021875
0 0.5296875 0.5390625 0.0078125 0.025
0 0.5421875 0.5046875 0.009375 0.028125
0 0.553125 0.5046875 0.009375 0.0265625
0 0.5625 0.621875 0.009375 0.03125
0 0.51875 0.815625 0.015625 0.053125
0 0.4953125 0.9171875 0.0125 0.0359375
0 0.5984375 0.6609375 0.0109375 0.03125
0 0.6109375 0.6234375 0.009375 0.0265625
0 0.5765625 0.540625 0.009375 0.028125
0 0.5890625 0.5375 0.0078125 0.0203125
0 0.6109375 0.540625 0.009375 0.0296875
0 0.634375 0.54375 0.0109375 0.034375
0 0.6359375 0.621875 0.0109375 0.034375
0 0.6359375 0.6640625 0.009375 0.0328125
0 0.6078125 0.7609375 0.0078125 0.0203125
0 0.61875 0.7625 0.00625 0.0171875
0 0.615625 0.7859375 0.0453125 0.0140625
0 0.6296875 0.83125 0.021875 0.009375
0 0.63125 0.8421875 0.01875 0.0078125
0 0.6296875 0.8515625 0.0234375 0.0078125
0 0.63125 0.8921875 0.0203125 0.0078125
0 0.65 0.8640625 0.0078125 0.0234375
0 0.653125 0.8046875 0.0140625 0.021875
0 0.634375 0.7515625 0.0140625 0.0375
0 0.65 0.715625 0.00625 0.0234375
0 0.65625 0.7140625 0.0078125 0.021875
0 0.653125 0.6921875 0.015625 0.0078125
0 0.6546875 0.6625 0.015625 0.00625
0 0.6546875 0.6546875 0.015625 0.00625
0 0.65625 0.646875 0.0171875 0.00625
0 0.6546875 0.6375 0.0140625 0.00625
0 0.659375 0.625 0.0109375 0.0046875
0 0.6546875 0.61875 0.0203125 0.00625
0 0.65625 0.603125 0.01875 0.00625
0 0.6546875 0.59375 0.015625 0.00625
0 0.6546875 0.578125 0.015625 0.00625
0 0.6578125 0.553125 0.0171875 0.00625
0 0.6546875 0.54375 0.015625 0.00625
0 0.653125 0.5109375 0.0109375 0.00625
0 0.65625 0.4609375 0.0125 0.00625
0 0.65625 0.421875 0.0140625 0.00625
0 0.6546875 0.3765625 0.0140625 0.00625
0 0.6375 0.434375 0.0046875 0.015625
0 0.6265625 0.4375 0.00625 0.0234375
0 0.625 0.403125 0.0078125 0.025
0 0.615625 0.4078125 0.00625 0.01875
0 0.6046875 0.40625 0.00625 0.0203125
0 0.59375 0.4046875 0.00625 0.0171875
0 0.6046875 0.4359375 0.00625 0.01875
0 0.59375 0.434375 0.00625 0.0171875
0 0.584375 0.4359375 0.0078125 0.025
0 0.5859375 0.4125 0.003125 0.00625
0 0.503125 0.415625 0.0046875 0.003125
0 0.5828125 0.4046875 0.00625 0.0171875
0 0.571875 0.4359375 0.009375 0.025
0 0.5734375 0.4046875 0.0078125 0.015625
0 0.553125 0.40625 0.0078125 0.01875
0 0.553125 0.4328125 0.0078125 0.01875
0 0.5421875 0.4359375 0.009375 0.0234375
0 0.5421875 0.40625 0.0078125 0.0203125
0 0.5328125 0.4328125 0.00625 0.0140625
0 0.521875 0.4328125 0.00625 0.0171875
0 0.5234375 0.4046875 0.00625 0.0234375
0 0.5109375 0.4359375 0.009375 0.021875
0 0.5 0.40625 0.00625 0.01875
0 0.5015625 0.4328125 0.009375 0.0203125
0 0.490625 0.434375 0.0078125 0.021875
0 0.490625 0.4046875 0.0078125 0.0203125
0 0.48125 0.4359375 0.0078125 0.025
0 0.46875 0.4359375 0.009375 0.021875
0 0.4796875 0.4078125 0.0078125 0.015625
0 0.4609375 0.434375 0.00625 0.0203125
0 0.4484375 0.4375 0.009375 0.0234375
0 0.459375 0.40625 0.00625 0.01875
0 0.45 0.40625 0.00625 0.01875
0 0.4296875 0.434375 0.00625 0.015625
0 0.41875 0.403125 0.0078125 0.0234375
0 0.41875 0.4359375 0.009375 0.0265625
0 0.40625 0.4359375 0.0078125 0.0234375
0 0.396875 0.4046875 0.009375 0.025
0 0.3859375 0.4046875 0.0078125 0.021875
0 0.396875 0.4375 0.009375 0.025
0 0.384375 0.4359375 0.0078125 0.0203125
0 0.3734375 0.4375 0.009375 0.0265625
0 0.365625 0.434375 0.009375 0.021875
0 0.3515625 0.4359375 0.009375 0.0265625
0 0.3421875 0.434375 0.0078125 0.021875
0 0.3515625 0.40625 0.0078125 0.01875
0 0.33125 0.4078125 0.00625 0.015625
0 0.33125 0.434375 0.0078125 0.01875
0 0.3203125 0.4359375 0.0078125 0.0203125
0 0.3078125 0.4359375 0.0078125 0.025
0 0.3 0.4359375 0.0078125 0.025
0 0.2796875 0.434375 0.0078125 0.0203125
0 0.2671875 0.4359375 0.009375 0.0265625
0 0.2578125 0.4078125 0.00625 0.015625
0 0.246875 0.434375 0.0078125 0.0171875
0 0.2265625 0.4046875 0.00625 0.01875
0 0.20625 0.434375 0.00625 0.0203125
0 0.1953125 0.434375 0.00625 0.0140625
0 0.196875 0.403125 0.009375 0.0265625
0 0.165625 0.4015625 0.00625 0.0140625
0 0.1546875 0.434375 0.0078125 0.0171875
0 0.1453125 0.4046875 0.0078125 0.021875
0 0.1453125 0.4296875 0.00625 0.0140625
0 0.1359375 0.434375 0.009375 0.025
0 0.1359375 0.4046875 0.0078125 0.021875
0 0.1140625 0.434375 0.0078125 0.021875
0 0.1234375 0.4046875 0.0109375 0.0234375
0 0.096875 0.425 0.0046875 0.00625
0 0.103125 0.4375 0.0078125 0.0203125
0 0.021875 0.528125 0.003125 0.0046875
0 0.03125 0.5375 0.009375 0.0234375
0 0.0203125 0.540625 0.0078125 0.028125
0 0.0078125 0.540625 0.0078125 0.028125
0 0.009375 0.503125 0.0109375 0.0265625
0 0.0828125 0.4359375 0.00625 0.01875
0 0.059375 0.4359375 0.009375 0.0265625
0 0.040625 0.434375 0.0078125 0.01875
0 0.028125 0.4328125 0.00625 0.015625
0 0.01875 0.434375 0.009375 0.0234375
0 0.0078125 0.4328125 0.0078125 0.0203125
0 0.01875 0.4078125 0.0078125 0.0171875
0 0.2015625 0.753125 0.009375 0.028125
0 0.2703125 0.653125 0.00625 0.0171875
0 0.24375 0.65 0.0078125 0.0171875
0 0.21875 0.653125 0.009375 0.0171875
0 0.190625 0.65625 0.009375 0.0234375
0 0.128125 0.659375 0.0109375 0.0296875
0 0.10625 0.6546875 0.009375 0.021875
0 0.0765625 0.6625 0.0125 0.034375
0 0.2453125 0.8015625 0.0140625 0.0390625
0 0.2296875 0.8 0.0140625 0.05
0 0.0796875 0.7625 0.034375 0.0359375
0 0.01171875 0.69765625 0.0234375 0.0328125