0 0.084375 0.328125 0.00625 0.003125
0 0.078125 0.3890625 0.00625 0.021875
0 0.00625 0.3125 0.0109375 0.0203125
0 0.053125 0.3109375 0.0125 0.01875
0 0.1140625 0.3375 0.009375 0.01875
0 0.125 0.296875 0.0046875 0.0125
0 0.0828125 0.26875 0.0078125 0.0109375
0 0.028125 0.2328125 0.015625 0.021875
0 0.0875 0.20625 0.0140625 0.01875
0 0.171875 0.6109375 0.0046875 0.0046875
0 0.1171875 0.5921875 0.00625 0.0046875
0 0.121875 0.496875 0.0046875 0.003125
0 0.1140625 0.5734375 0.0109375 0.0359375
0 0.16875 0.4265625 0.0109375 0.021875
0 0.1296875 0.4765625 0.01875 0.034375
0 0.19375 0.475 0.0125 0.025
0 0.1703125 0.5984375 0.009375 0.021875
0 0.4109375 0.3890625 0.003125 0.0078125
0 0.4296875 0.4640625 0.0046875 0.00625
0 0.4375 0.484375 0.015625 0.040625
0 0.4265625 0.3921875 0.028125 0.0109375
0 0.553125 0.5609375 0.0109375 0.0171875
0 0.5015625 0.2359375 0.0140625 0.0125
0 0.5640625 0.2953125 0.0203125 0.009375
0 0.6140625 0.3296875 0.0078125 0.0125
0 0.5171875 0.365625 0.021875 0.0140625
0 0.5109375 0.4453125 0.01875 0.0109375
0 0.5921875 0.46875 0.0140625 0.01875
0 0.05625 0.165625 0.0078125 0.009375
0 0.0171875 0.0859375 0.0140625 0.0125
0 0.15625 0.19375 0.009375 0.009375
0 0.228125 0.2796875 0.009375 0.015625
0 0.353125 0.2578125 0.009375 0.009375
0 0.3625 0.0546875 0.021875 0.0234375
0 0.84296875 0.47578125 0.3140625 0.0765625
0 0.40234375 0.83125 0.2953125 0.225