0 0.284375 0.33515625 0.03125 0.2140625
0 0.04453125 0.5890625 0.0890625 0.121875
0 0.61875 0.41875 0.1203125 0.2609375
0 0.09765625 0.86328125 0.1953125 0.2015625
0 0.30234375 0.96953125 0.0046875 0.0265625
0 0.346875 0.971875 0.009375 0.0265625
0 0.3921875 0.8375 0.0078125 0.0234375
0 0.371875 0.971875 0.009375 0.028125
0 0.41875 0.971875 0.009375 0.028125
0 0.4421875 0.9734375 0.009375 0.03125
0 0.44375 0.94375 0.00625 0.0046875
0 0.453125 0.9359375 0.0078125 0.028125
0 0.4890625 0.96875 0.0078125 0.0234375
0 0.475 0.9421875 0.00625 0.0140625
0 0.490625 0.9375 0.0078125 0.025
0 0.5015625 0.9375 0.0078125 0.0265625
0 0.5953125 0.9328125 0.0109375 0.0328125
0 0.5359375 0.9734375 0.009375 0.028125
0 0.546875 0.9703125 0.009375 0.025
0 0.5703125 0.971875 0.009375 0.0265625
0 0.5953125 0.971875 0.0078125 0.028125
0 0.61875 0.9734375 0.0109375 0.028125
0 0.6296875 0.9359375 0.0109375 0.0265625
0 0.6296875 0.96875 0.0078125 0.021875
0 0.6421875 0.9703125 0.0078125 0.025
0 0.6546875 0.9359375 0.009375 0.028125
0 0.665625 0.9359375 0.009375 0.0265625
0 0.6890625 0.971875 0.009375 0.028125
0 0.7015625 0.96875 0.0078125 0.0203125
0 0.7234375 0.971875 0.009375 0.0296875
0 0.746875 0.975 0.0109375 0.034375
0 0.7703125 0.984375 0.0171875 0.00625
0 0.7671875 0.975 0.015625 0.00625
0 0.765625 0.9421875 0.0109375 0.00625
0 0.76875 0.8921875 0.0125 0.00625
0 0.76875 0.853125 0.0140625 0.00625
0 0.7671875 0.8078125 0.0140625 0.00625
0 0.75 0.865625 0.0046875 0.015625
0 0.7390625 0.86875 0.00625 0.0234375
0 0.7375 0.834375 0.0078125 0.025
0 0.728125 0.8390625 0.00625 0.01875
0 0.7171875 0.8375 0.00625 0.0203125
0 0.70625 0.8359375 0.00625 0.0171875
0 0.7171875 0.8671875 0.00625 0.01875
0 0.70625 0.865625 0.00625 0.0171875
0 0.696875 0.8671875 0.0078125 0.025
0 0.6984375 0.84375 0.003125 0.00625
0 0.615625 0.846875 0.0046875 0.003125
0 0.6953125 0.8359375 0.00625 0.0171875
0 0.684375 0.8671875 0.009375 0.025
0 0.6859375 0.8359375 0.0078125 0.015625
0 0.665625 0.8375 0.0078125 0.01875
0 0.665625 0.8640625 0.0078125 0.01875
0 0.6546875 0.8671875 0.009375 0.0234375
0 0.6546875 0.8375 0.0078125 0.0203125
0 0.6453125 0.8640625 0.00625 0.0140625
0 0.634375 0.8640625 0.00625 0.0171875
0 0.6359375 0.8359375 0.00625 0.0234375
0 0.6234375 0.8671875 0.009375 0.021875
0 0.6125 0.8375 0.00625 0.01875
0 0.6140625 0.8640625 0.009375 0.0203125
0 0.603125 0.865625 0.0078125 0.021875
0 0.603125 0.8359375 0.0078125 0.0203125
0 0.59375 0.8671875 0.0078125 0.025
0 0.58125 0.8671875 0.009375 0.021875
0 0.5921875 0.8390625 0.0078125 0.015625
0 0.5734375 0.865625 0.00625 0.0203125
0 0.5609375 0.86875 0.009375 0.0234375
0 0.571875 0.8375 0.00625 0.01875
0 0.5625 0.8375 0.00625 0.01875
0 0.5421875 0.865625 0.00625 0.015625
0 0.53125 0.834375 0.0078125 0.0234375
0 0.53125 0.8671875 0.009375 0.0265625
0 0.51875 0.8671875 0.0078125 0.0234375
0 0.509375 0.8359375 0.009375 0.025
0 0.4984375 0.8359375 0.0078125 0.021875
0 0.509375 0.86875 0.009375 0.025
0 0.496875 0.8671875 0.0078125 0.0203125
0 0.4859375 0.86875 0.009375 0.0265625
0 0.478125 0.865625 0.009375 0.021875
0 0.4640625 0.8671875 0.009375 0.0265625
0 0.4546875 0.865625 0.0078125 0.021875
0 0.4640625 0.8375 0.0078125 0.01875
0 0.44375 0.8390625 0.00625 0.015625
0 0.44375 0.865625 0.0078125 0.01875
0 0.4328125 0.8671875 0.0078125 0.0203125
0 0.4203125 0.8671875 0.0078125 0.025
0 0.4125 0.8671875 0.0078125 0.025
0 0.3921875 0.865625 0.0078125 0.0203125
0 0.3796875 0.8671875 0.009375 0.0265625
0 0.3703125 0.8390625 0.00625 0.015625
0 0.359375 0.865625 0.0078125 0.0171875
0 0.3390625 0.8359375 0.00625 0.01875
0 0.31875 0.865625 0.00625 0.0203125
0 0.3078125 0.865625 0.00625 0.0140625
0 0.309375 0.834375 0.009375 0.0265625