0 0.3078125 0.1703125 0.203125 0.078125
0 0.83125 0.5234375 0.028125 0.10625
0 0.8078125 0.3671875 0.0140625 0.0078125
0 0.8359375 0.4171875 0.0296875 0.071875
0 0.803125 0.4078125 0.025 0.071875
0 0.803125 0.478125 0.0203125 0.059375
0 0.796875 0.5484375 0.028125 0.071875
0 0.7265625 0.4859375 0.0375 0.1
0 0.684375 0.5765625 0.0171875 0.0109375
0 0.675 0.490625 0.05 0.1578125
0 0.6078125 0.4125 0.0265625 0.065625
0 0.6078125 0.5234375 0.034375 0.090625
0 0.5671875 0.565625 0.025 0.0109375
0 0.571875 0.5515625 0.0234375 0.009375
0 0.5703125 0.5109375 0.021875 0.0109375
0 0.5671875 0.496875 0.0359375 0.0125
0 0.565625 0.484375 0.03125 0.0125
0 0.5671875 0.4703125 0.034375 0.0125
0 0.5671875 0.45625 0.03125 0.0109375
0 0.5625 0.4390625 0.040625 0.015625
0 0.565625 0.425 0.03125 0.0125
0 0.5671875 0.409375 0.034375 0.0109375
0 0.5671875 0.3921875 0.028125 0.0109375
0 0.571875 0.3703125 0.053125 0.0203125
0 0.5078125 0.4046875 0.0171875 0.04375
0 0.503125 0.48125 0.0125 0.0328125
0 0.475 0.4703125 0.025 0.090625
0 0.4546875 0.5125 0.0109375 0.03125
0 0.44375 0.5078125 0.015625 0.0453125
0 0.42421875 0.5140625 0.0109375 0.0375
0 0.76875 0.2265625 0.05 0.01875
0 0.7703125 0.209375 0.053125 0.015625
0 0.69375 0.2375 0.0234375 0.0640625
0 0.4609375 0.2328125 0.025 0.10625
0 0.4375 0.2296875 0.0234375 0.078125
0 0.97578125 0.54765625 0.0484375 0.1828125
0 0.3859375 0.80859375 0.046875 0.3390625
0 0.48828125 0.93671875 0.1390625 0.0921875
0 0.76875 0.871875 0.075 0.14375