0 0.1453125 0.134375 0.0171875 0.034375
0 0.115625 0.15 0.0109375 0.0203125
0 0.10625 0.15 0.0140625 0.028125
0 0.1359375 0.171875 0.0109375 0.0203125
0 0.1265625 0.175 0.0109375 0.021875
0 0.10625 0.184375 0.015625 0.0265625
0 0.09375 0.153125 0.0171875 0.0296875
0 0.0328125 0.1765625 0.0234375 0.0296875
0 0.0171875 0.1828125 0.0171875 0.0296875
0 0.0421875 0.2125 0.0171875 0.028125
0 0.0296875 0.215625 0.0140625 0.0234375
0 0.0140625 0.209375 0.009375 0.00625
0 0.00546875 0.18828125 0.0109375 0.0265625
0 0.00625 0.22578125 0.0125 0.0265625
0 0.0296875 0.29765625 0.059375 0.0421875
0 0.71875 0.2375 0.021875 0.0265625
0 0.915625 0.80234375 0.16875 0.1421875
0 0.5078125 0.453125 0.16875 0.0875