0 0.4234375 0.39765625 0.171875 0.0640625
0 0.6390625 0.39765625 0.028125 0.0640625
0 0.615625 0.2625 0.0140625 0.0078125
0 0.64375 0.3125 0.0296875 0.071875
0 0.6109375 0.303125 0.025 0.071875
0 0.6109375 0.3734375 0.0203125 0.059375
0 0.6046875 0.41875 0.028125 0.021875
0 0.534375 0.38046875 0.0375 0.0984375
0 0.5765625 0.121875 0.05 0.01875
0 0.578125 0.1046875 0.053125 0.015625
0 0.79609375 0.390625 0.0734375 0.078125
0 0.15234375 0.48359375 0.1859375 0.0734375
0 0.3953125 0.703125 0.228125 0.259375
0 0.7828125 0.465625 0.0734375 0.0390625
0 0.91484375 0.71796875 0.1703125 0.1109375