0 0.21796875 0.2609375 0.4015625 0.4375
0 0.7015625 0.078125 0.09375 0.15625
0 0.7234375 0.35859375 0.171875 0.2421875
0 0.275 0.8265625 0.15625 0.21875
0 0.659375 0.528125 0.340625 0.0625
0 0.93828125 0.48828125 0.0578125 0.0171875
0 0.9359375 0.5078125 0.05 0.01875
0 0.93984375 0.55234375 0.0609375 0.0140625
0 0.871875 0.4859375 0.053125 0.0125
0 0.8703125 0.5046875 0.05 0.0171875
0 0.8734375 0.525 0.04375 0.015625
0 0.8734375 0.5453125 0.0515625 0.0171875
0 0.871875 0.5578125 0.046875 0.003125
0 0.6828125 0.709375 0.10625 0.134375