0 0.5015625 0.509375 0.0296875 0.0390625
0 0.44375 0.3828125 0.0265625 0.034375
0 0.525 0.30078125 0.028125 0.0421875
0 0.428125 0.2625 0.025 0.0265625
0 0.5625 0.8875 0.028125 0.028125
0 0.5671875 0.859375 0.00625 0.0046875
0 0.5640625 0.853125 0.0375 0.0109375
0 0.5609375 0.8125 0.028125 0.0109375
0 0.546875 0.7734375 0.00625 0.00625
0 0.5625 0.7578125 0.034375 0.0109375
0 0.53984375 0.6046875 0.0015625 0.015625
0 0.53984375 0.6265625 0.0015625 0.015625
0 0.5453125 0.625 0.00625 0.0140625
0 0.5609375 0.6265625 0.00625 0.015625
0 0.5453125 0.5109375 0.0078125 0.0234375
0 0.546875 0.4796875 0.0078125 0.025
0 0.5578125 0.4796875 0.0078125 0.0265625
0 0.6515625 0.475 0.0109375 0.0328125
0 0.5921875 0.515625 0.009375 0.028125
0 0.603125 0.5125 0.009375 0.025
0 0.6265625 0.5140625 0.009375 0.0265625
0 0.6515625 0.5140625 0.0078125 0.028125
0 0.56875 0.6046875 0.00625 0.015625
0 0.59375 0.625 0.0046875 0.015625
0 0.609375 0.6265625 0.00625 0.015625
0 0.61875 0.6328125 0.0078125 0.025
0 0.61875 0.6046875 0.00625 0.0140625
0 0.6328125 0.634375 0.0109375 0.03125
0 0.65625 0.6359375 0.009375 0.0328125
0 0.609375 0.7265625 0.009375 0.0375
0 0.6421875 0.7578125 0.05 0.009375
0 0.5984375 0.91875 0.0328125 0.0328125
0 0.6640625 0.728125 0.009375 0.03125
0 0.68125 0.59375 0.0109375 0.03125
0 0.675 0.515625 0.0109375 0.028125
0 0.6859375 0.478125 0.0109375 0.0265625
0 0.6859375 0.5109375 0.0078125 0.021875
0 0.6984375 0.5125 0.0078125 0.025
0 0.7109375 0.478125 0.009375 0.028125
0 0.721875 0.478125 0.009375 0.0265625
0 0.73125 0.5953125 0.009375 0.03125
0 0.6875 0.7890625 0.015625 0.053125
0 0.6640625 0.890625 0.0125 0.0359375
0 0.7671875 0.634375 0.0109375 0.03125
0 0.7796875 0.596875 0.009375 0.0265625
0 0.7453125 0.5140625 0.009375 0.028125
0 0.7578125 0.5109375 0.0078125 0.0203125
0 0.7796875 0.5140625 0.009375 0.0296875
0 0.803125 0.5171875 0.0109375 0.034375
0 0.8046875 0.5953125 0.0109375 0.034375
0 0.8046875 0.6375 0.009375 0.0328125
0 0.7765625 0.734375 0.0078125 0.0203125
0 0.7875 0.7359375 0.00625 0.0171875
0 0.784375 0.759375 0.0453125 0.0140625
0 0.7984375 0.8046875 0.021875 0.009375
0 0.8 0.815625 0.01875 0.0078125
0 0.7984375 0.825 0.0234375 0.0078125
0 0.8 0.865625 0.0203125 0.0078125
0 0.81875 0.8375 0.0078125 0.0234375
0 0.821875 0.778125 0.0140625 0.021875
0 0.803125 0.725 0.0140625 0.0375
0 0.81875 0.6890625 0.00625 0.0234375
0 0.825 0.6875 0.0078125 0.021875
0 0.821875 0.665625 0.015625 0.0078125
0 0.8234375 0.6359375 0.015625 0.00625
0 0.8234375 0.628125 0.015625 0.00625
0 0.825 0.6203125 0.0171875 0.00625
0 0.8234375 0.6109375 0.0140625 0.00625
0 0.828125 0.5984375 0.0109375 0.0046875
0 0.8234375 0.5921875 0.0203125 0.00625
0 0.825 0.5765625 0.01875 0.00625
0 0.8234375 0.5671875 0.015625 0.00625
0 0.8234375 0.5515625 0.015625 0.00625
0 0.8265625 0.5265625 0.0171875 0.00625
0 0.8234375 0.5171875 0.015625 0.00625
0 0.821875 0.484375 0.0109375 0.00625
0 0.825 0.434375 0.0125 0.00625
0 0.825 0.3953125 0.0140625 0.00625
0 0.8234375 0.35 0.0140625 0.00625
0 0.80625 0.4078125 0.0046875 0.015625
0 0.7953125 0.4109375 0.00625 0.0234375
0 0.79375 0.3765625 0.0078125 0.025
0 0.784375 0.38125 0.00625 0.01875
0 0.7734375 0.3796875 0.00625 0.0203125
0 0.7625 0.378125 0.00625 0.0171875
0 0.7734375 0.409375 0.00625 0.01875
0 0.7625 0.4078125 0.00625 0.0171875
0 0.753125 0.409375 0.0078125 0.025
0 0.7546875 0.3859375 0.003125 0.00625
0 0.671875 0.3890625 0.0046875 0.003125
0 0.7515625 0.378125 0.00625 0.0171875
0 0.740625 0.409375 0.009375 0.025
0 0.7421875 0.378125 0.0078125 0.015625
0 0.721875 0.3796875 0.0078125 0.01875
0 0.721875 0.40625 0.0078125 0.01875
0 0.7109375 0.409375 0.009375 0.0234375
0 0.7109375 0.3796875 0.0078125 0.0203125
0 0.7015625 0.40625 0.00625 0.0140625
0 0.690625 0.40625 0.00625 0.0171875
0 0.6921875 0.378125 0.00625 0.0234375
0 0.6796875 0.409375 0.009375 0.021875
0 0.66875 0.3796875 0.00625 0.01875
0 0.6703125 0.40625 0.009375 0.0203125
0 0.659375 0.4078125 0.0078125 0.021875
0 0.659375 0.378125 0.0078125 0.0203125
0 0.65 0.409375 0.0078125 0.025
0 0.6375 0.409375 0.009375 0.021875
0 0.6484375 0.38125 0.0078125 0.015625
0 0.6296875 0.4078125 0.00625 0.0203125
0 0.6171875 0.4109375 0.009375 0.0234375
0 0.628125 0.3796875 0.00625 0.01875
0 0.61875 0.3796875 0.00625 0.01875
0 0.5984375 0.4078125 0.00625 0.015625
0 0.5875 0.3765625 0.0078125 0.0234375
0 0.5875 0.409375 0.009375 0.0265625
0 0.575 0.409375 0.0078125 0.0234375
0 0.565625 0.378125 0.009375 0.025
0 0.5546875 0.378125 0.0078125 0.021875
0 0.565625 0.4109375 0.009375 0.025
0 0.553125 0.409375 0.0078125 0.0203125
0 0.54296875 0.41015625 0.0078125 0.0265625