0 0.346875 0.18125 0.2796875 0.084375
0 0.040625 0.090625 0.08125 0.084375
0 0.2796875 0.471875 0.0375 0.0171875
0 0.240625 0.45625 0.028125 0.0140625
0 0.1 0.496875 0.0296875 0.0125
0 0.1390625 0.4984375 0.0203125 0.0125
0 0.1390625 0.484375 0.01875 0.0109375
0 0.1109375 0.446875 0.028125 0.009375
0 0.15078125 0.44453125 0.0296875 0.0046875
0 0.0203125 0.478125 0.0234375 0.0125
0 0.003125 0.45234375 0.00625 0.0109375
0 0.025 0.4671875 0.021875 0.009375
0 0.02734375 0.4453125 0.0234375 0.00625
0 0.003125 0.44453125 0.00625 0.0046875
0 0.5609375 0.27421875 0.021875 0.1078125
0 0.4390625 0.95390625 0.2 0.0921875
0 0.85625 0.56640625 0.21875 0.0734375