0 0.43828125 0.5421875 0.1921875 0.115625
0 0.8484375 0.2296875 0.0125 0.0140625
0 0.8546875 0.115625 0.00625 0.00625
0 0.8421875 0.1015625 0.021875 0.0203125
0 0.859375 0.00859375 0.015625 0.0171875
0 0.65078125 0.0046875 0.0171875 0.009375
0 0.725 0.00703125 0.021875 0.0140625
0 0.8046875 0.0109375 0.015625 0.015625
0 0.8046875 0.2515625 0.0203125 0.01875
0 0.803125 0.15 0.0203125 0.015625
0 0.740625 0.1671875 0.015625 0.028125
0 0.7046875 0.203125 0.0140625 0.021875
0 0.725 0.2328125 0.015625 0.0140625
0 0.659375 0.2375 0.0140625 0.01875
0 0.55 0.2453125 0.0140625 0.015625
0 0.5953125 0.246875 0.0078125 0.0171875
0 0.58125 0.203125 0.0171875 0.021875
0 0.5640625 0.1734375 0.0125 0.0171875
0 0.609375 0.15 0.0125 0.01875
0 0.5828125 0.121875 0.0140625 0.0171875
0 0.5484375 0.0578125 0.01875 0.0203125
0 0.6 0.01875 0.0171875 0.0171875
0 0.2390625 0.64453125 0.1625 0.0890625