0 0.18125 0.1390625 0.178125 0.0828125
0 0.37421875 0.51484375 0.1078125 0.0453125
0 0.1765625 0.58125 0.171875 0.075
0 0.021875 0.85703125 0.04375 0.0234375
0 0.084375 0.8609375 0.0265625 0.0125
0 0.0796875 0.85 0.0390625 0.0140625
0 0.1265625 0.85 0.0484375 0.0203125
0 0.125 0.8671875 0.0453125 0.015625
0 0.1921875 0.8515625 0.0609375 0.0171875
0 0.2921875 0.853125 0.1109375 0.0328125
0 0.3125 0.9625 0.05625 0.021875
0 0.02265625 0.80859375 0.0453125 0.0265625
0 0.1796875 0.671875 0.0734375 0.0171875