0 0.046875 0.41640625 0.09375 0.0453125
0 0.68828125 0.159375 0.0984375 0.31875
0 0.90625 0.33203125 0.1 0.1671875
0 0.3125 0.6578125 0.096875 0.25
0 0.01953125 0.6734375 0.0390625 0.278125
0 0.54921875 0.53828125 0.1796875 0.1984375
0 0.0796875 0.840625 0.015625 0.021875
0 0.0203125 0.8671875 0.0140625 0.01875
0 0.128125 0.878125 0.0171875 0.021875
0 0.184375 0.9015625 0.003125 0.0046875
0 0.1921875 0.9140625 0.0125 0.0140625
0 0.16875 0.965625 0.0078125 0.009375
0 0.0515625 0.9078125 0.0078125 0.009375
0 0.090625 0.9875 0.0140625 0.0125