0 0.3921875 0.0890625 0.003125 0.00625
0 0.33125 0.0828125 0.021875 0.00625
0 0.4078125 0.0109375 0.0203125 0.0109375
0 0.409375 0.0578125 0.01875 0.0125
0 0.3828125 0.11875 0.01875 0.009375
0 0.4234375 0.1296875 0.0125 0.0046875
0 0.4515625 0.0875 0.0109375 0.0078125
0 0.4875 0.0328125 0.021875 0.015625
0 0.5140625 0.0921875 0.01875 0.0140625
0 0.109375 0.1765625 0.0046875 0.0046875
0 0.128125 0.121875 0.0046875 0.00625
0 0.2234375 0.1265625 0.003125 0.0046875
0 0.146875 0.11875 0.0359375 0.0109375
0 0.29375 0.1734375 0.021875 0.0109375
0 0.24375 0.134375 0.034375 0.01875
0 0.2453125 0.1984375 0.025 0.0125
0 0.121875 0.175 0.021875 0.009375
0 0.33125 0.415625 0.0078125 0.003125
0 0.25625 0.434375 0.00625 0.0046875
0 0.2359375 0.4421875 0.040625 0.015625
0 0.328125 0.43125 0.0109375 0.028125
0 0.484375 0.50625 0.0125 0.0140625
0 0.3546875 0.521875 0.0140625 0.021875
0 0.275 0.515625 0.0109375 0.01875
0 0.5265625 0.1609375 0.009375 0.009375
0 0.440625 0.2328125 0.015625 0.009375
0 0.4625 0.3578125 0.009375 0.009375
0 0.64921875 0.39765625 0.2203125 0.3046875
0 0.04453125 0.82890625 0.0890625 0.2578125
0 0.803125 0.78125 0.090625 0.1203125