0 0.3046875 0.13125 0.028125 0.028125
0 0.2765625 0.1265625 0.0046875 0.00625
0 0.2703125 0.1296875 0.0109375 0.0375
0 0.2875 0.1609375 0.0046875 0.0078125
0 0.259375 0.16171875 0.05 0.0078125
0 0.2296875 0.1328125 0.0109375 0.028125
0 0.190625 0.146875 0.00625 0.00625
0 0.18828125 0.1625 0.0390625 0.00625
0 0.175 0.13125 0.0109375 0.034375
0 0.021875 0.15625 0.015625 0.00625
0 0.04375 0.15625 0.015625 0.00625
0 0.0421875 0.1484375 0.0140625 0.00625
0 0.04375 0.1328125 0.015625 0.00625
0 0.021875 0.125 0.015625 0.00625
0 0.0421875 0.1 0.015625 0.0046875
0 0.04375 0.084375 0.015625 0.00625
0 0.05 0.075 0.025 0.0078125
0 0.021875 0.075 0.0140625 0.00625
0 0.0515625 0.0609375 0.03125 0.0109375
0 0.053125 0.0375 0.0328125 0.009375
0 0.14375 0.084375 0.0375 0.009375
0 0.175 0.0515625 0.009375 0.05
0 0.3359375 0.0953125 0.0328125 0.0328125
0 0.1453125 0.0296875 0.03125 0.009375
0 0.01328125 0.01171875 0.0265625 0.0109375
0 0.20625 0.00703125 0.053125 0.0140625
0 0.3078125 0.0296875 0.0359375 0.0125
0 0.7125 0.08125 0.20625 0.1625
0 0.96796875 0.63203125 0.0640625 0.2734375