0 0.0640625 0.01875 0.00625 0.0125
0 0.08125 0.01875 0.00625 0.0140625
0 0.10625 0.01875 0.00625 0.0140625
0 0.1140625 0.0171875 0.00625 0.01875
0 0.13125 0.0203125 0.00625 0.0125
0 0.1390625 0.0171875 0.00625 0.0171875
0 0.1296875 0.040625 0.00625 0.0171875
0 0.1234375 0.140625 0.0109375 0.034375
0 0.11875 0.1921875 0.0109375 0.046875
0 0.2296875 0.3015625 0.028125 0.028125
0 0.234375 0.2734375 0.00625 0.0046875
0 0.23125 0.2671875 0.0375 0.0109375
0 0.2 0.284375 0.0078125 0.0046875
0 0.1984375 0.25625 0.009375 0.05
0 0.228125 0.2265625 0.028125 0.0109375
0 0.2140625 0.1875 0.00625 0.00625
0 0.1953125 0.1859375 0.0125 0.0390625
0 0.2296875 0.171875 0.034375 0.0109375
0 0.178125 0.1359375 0.009375 0.0375
0 0.1546875 0.0390625 0.00625 0.015625
0 0.1546875 0.0171875 0.00625 0.0140625
0 0.1640625 0.0171875 0.0078125 0.01875
0 0.1625 0.0390625 0.0046875 0.0140625
0 0.1875 0.0390625 0.00625 0.0140625
0 0.2046875 0.01875 0.00625 0.015625
0 0.1875 0.0203125 0.00625 0.0140625
0 0.2046875 0.040625 0.00625 0.015625
0 0.2125 0.0390625 0.00625 0.0140625
0 0.228125 0.040625 0.00625 0.015625
0 0.2359375 0.01875 0.00625 0.015625
0 0.2609375 0.0390625 0.0046875 0.015625
0 0.2765625 0.040625 0.00625 0.015625
0 0.2859375 0.046875 0.0078125 0.025
0 0.2859375 0.01875 0.00625 0.0140625
0 0.3 0.0484375 0.0109375 0.03125
0 0.3234375 0.05 0.009375 0.0328125
0 0.2765625 0.140625 0.009375 0.0375
0 0.309375 0.171875 0.05 0.009375
0 0.265625 0.3328125 0.0328125 0.0328125
0 0.33125 0.1421875 0.009375 0.03125
0 0.34765625 0.01171875 0.0109375 0.0234375
0 0.3984375 0.0125 0.009375 0.025
0 0.3546875 0.203125 0.015625 0.053125
0 0.33125 0.3046875 0.0125 0.0359375
0 0.434375 0.0484375 0.0109375 0.03125
0 0.446875 0.01171875 0.009375 0.0234375
0 0.47109375 0.01328125 0.0109375 0.0265625
0 0.471875 0.0515625 0.009375 0.0328125
0 0.44375 0.1484375 0.0078125 0.0203125
0 0.4546875 0.15 0.00625 0.0171875
0 0.4515625 0.1734375 0.0453125 0.0140625
0 0.465625 0.21875 0.021875 0.009375
0 0.4671875 0.2296875 0.01875 0.0078125
0 0.465625 0.2390625 0.0234375 0.0078125
0 0.4671875 0.2796875 0.0203125 0.0078125
0 0.4859375 0.2515625 0.0078125 0.0234375
0 0.4890625 0.1921875 0.0140625 0.021875
0 0.4703125 0.1390625 0.0140625 0.0375
0 0.4859375 0.103125 0.00625 0.0234375
0 0.4921875 0.1015625 0.0078125 0.021875
0 0.4890625 0.0796875 0.015625 0.0078125
0 0.490625 0.05 0.015625 0.00625
0 0.490625 0.0421875 0.015625 0.00625
0 0.4921875 0.034375 0.0171875 0.00625
0 0.490625 0.025 0.0140625 0.00625
0 0.4953125 0.0125 0.0109375 0.0046875
0 0.490625 0.00625 0.0203125 0.00625
0 0.0375 0.140625 0.009375 0.028125
0 0.10625 0.040625 0.00625 0.0171875
0 0.0796875 0.0375 0.0078125 0.0171875
0 0.0546875 0.040625 0.009375 0.0171875
0 0.0265625 0.04375 0.009375 0.0234375
0 0.08125 0.1890625 0.0140625 0.0390625
0 0.065625 0.1875 0.0140625 0.05
0 0.94375 0.28671875 0.1125 0.1640625
0 0.3671875 0.5921875 0.2375 0.2234375
0 0.96171875 0.553125 0.0765625 0.153125