0 0.3796875 0.10625 0.165625 0.2125
0 0.8 0.1875 0.278125 0.14375
0 0.27890625 0.4953125 0.0796875 0.109375
0 0.8375 0.39765625 0.325 0.2765625
0 0.6234375 0.81875 0.0296875 0.0390625
0 0.565625 0.6921875 0.0265625 0.034375
0 0.646875 0.61015625 0.028125 0.0421875
0 0.55 0.571875 0.025 0.0265625
0 0.66171875 0.9140625 0.0015625 0.015625
0 0.66171875 0.9359375 0.0015625 0.015625
0 0.6671875 0.934375 0.00625 0.0140625
0 0.6828125 0.9359375 0.00625 0.015625
0 0.6671875 0.8203125 0.0078125 0.0234375
0 0.66875 0.7890625 0.0078125 0.025
0 0.6796875 0.7890625 0.0078125 0.0265625
0 0.7734375 0.784375 0.0109375 0.0328125
0 0.7140625 0.825 0.009375 0.028125
0 0.725 0.821875 0.009375 0.025
0 0.7484375 0.8234375 0.009375 0.0265625
0 0.7734375 0.8234375 0.0078125 0.028125
0 0.690625 0.9140625 0.00625 0.015625
0 0.715625 0.934375 0.0046875 0.015625
0 0.73125 0.9359375 0.00625 0.015625
0 0.740625 0.9421875 0.0078125 0.025
0 0.740625 0.9140625 0.00625 0.0140625
0 0.7546875 0.94375 0.0109375 0.03125
0 0.778125 0.9453125 0.009375 0.0328125
0 0.803125 0.903125 0.0109375 0.03125
0 0.796875 0.825 0.0109375 0.028125
0 0.8078125 0.7875 0.0109375 0.0265625
0 0.8078125 0.8203125 0.0078125 0.021875
0 0.8203125 0.821875 0.0078125 0.025
0 0.8328125 0.7875 0.009375 0.028125
0 0.84375 0.7875 0.009375 0.0265625
0 0.853125 0.9046875 0.009375 0.03125
0 0.8890625 0.94375 0.0109375 0.03125
0 0.9015625 0.90625 0.009375 0.0265625
0 0.8671875 0.8234375 0.009375 0.028125
0 0.8796875 0.8203125 0.0078125 0.0203125
0 0.9015625 0.8234375 0.009375 0.0296875
0 0.925 0.8265625 0.0109375 0.034375
0 0.9265625 0.9046875 0.0109375 0.034375
0 0.9265625 0.946875 0.009375 0.0328125
0 0.940625 0.99296875 0.00625 0.0140625
0 0.94609375 0.99296875 0.0078125 0.0140625
0 0.94375 0.975 0.015625 0.0078125
0 0.9453125 0.9453125 0.015625 0.00625
0 0.9453125 0.9375 0.015625 0.00625
0 0.946875 0.9296875 0.0171875 0.00625
0 0.9453125 0.9203125 0.0140625 0.00625
0 0.95 0.9078125 0.0109375 0.0046875
0 0.9453125 0.9015625 0.0203125 0.00625
0 0.946875 0.8859375 0.01875 0.00625
0 0.9453125 0.8765625 0.015625 0.00625
0 0.9453125 0.8609375 0.015625 0.00625
0 0.9484375 0.8359375 0.0171875 0.00625
0 0.9453125 0.8265625 0.015625 0.00625
0 0.94375 0.79375 0.0109375 0.00625
0 0.946875 0.74375 0.0125 0.00625
0 0.946875 0.7046875 0.0140625 0.00625
0 0.9453125 0.659375 0.0140625 0.00625
0 0.928125 0.7171875 0.0046875 0.015625
0 0.9171875 0.7203125 0.00625 0.0234375
0 0.915625 0.6859375 0.0078125 0.025
0 0.90625 0.690625 0.00625 0.01875
0 0.8953125 0.6890625 0.00625 0.0203125
0 0.884375 0.6875 0.00625 0.0171875
0 0.8953125 0.71875 0.00625 0.01875
0 0.884375 0.7171875 0.00625 0.0171875
0 0.875 0.71875 0.0078125 0.025
0 0.8765625 0.6953125 0.003125 0.00625
0 0.79375 0.6984375 0.0046875 0.003125
0 0.8734375 0.6875 0.00625 0.0171875
0 0.8625 0.71875 0.009375 0.025
0 0.8640625 0.6875 0.0078125 0.015625
0 0.84375 0.6890625 0.0078125 0.01875
0 0.84375 0.715625 0.0078125 0.01875
0 0.8328125 0.71875 0.009375 0.0234375
0 0.8328125 0.6890625 0.0078125 0.0203125
0 0.8234375 0.715625 0.00625 0.0140625
0 0.8125 0.715625 0.00625 0.0171875
0 0.8140625 0.6875 0.00625 0.0234375
0 0.8015625 0.71875 0.009375 0.021875
0 0.790625 0.6890625 0.00625 0.01875
0 0.7921875 0.715625 0.009375 0.0203125
0 0.78125 0.7171875 0.0078125 0.021875
0 0.78125 0.6875 0.0078125 0.0203125
0 0.771875 0.71875 0.0078125 0.025
0 0.759375 0.71875 0.009375 0.021875
0 0.7703125 0.690625 0.0078125 0.015625
0 0.7515625 0.7171875 0.00625 0.0203125
0 0.7390625 0.7203125 0.009375 0.0234375
0 0.75 0.6890625 0.00625 0.01875
0 0.740625 0.6890625 0.00625 0.01875
0 0.7203125 0.7171875 0.00625 0.015625
0 0.709375 0.6859375 0.0078125 0.0234375
0 0.709375 0.71875 0.009375 0.0265625
0 0.696875 0.71875 0.0078125 0.0234375
0 0.6875 0.6875 0.009375 0.025
0 0.6765625 0.6875 0.0078125 0.021875
0 0.6875 0.7203125 0.009375 0.025
0 0.675 0.71875 0.0078125 0.0203125
0 0.66484375 0.71953125 0.0078125 0.0265625