0 0.84375 0.1203125 0.2640625 0.178125
0 0.54375 0.0296875 0.309375 0.059375
0 0.075 0.603125 0.109375 0.078125
0 0.865625 0.6 0.015625 0.028125
0 0.8296875 0.6359375 0.0140625 0.021875
0 0.85 0.665625 0.015625 0.0140625
0 0.784375 0.6703125 0.0140625 0.01875
0 0.5984375 0.7171875 0.0140625 0.0140625
0 0.6484375 0.709375 0.0125 0.0171875
0 0.675 0.678125 0.0140625 0.015625
0 0.7203125 0.6796875 0.0078125 0.0171875
0 0.70625 0.6359375 0.0171875 0.021875
0 0.5859375 0.6875 0.015625 0.0140625
0 0.5421875 0.6953125 0.0140625 0.01875
0 0.503125 0.7015625 0.0140625 0.0171875
0 0.515625 0.653125 0.009375 0.0171875
0 0.5609375 0.6453125 0.009375 0.0171875
0 0.646875 0.6234375 0.0125 0.01875
0 0.6890625 0.60625 0.0125 0.0171875
0 0.734375 0.5828125 0.0125 0.01875
0 0.5859375 0.596875 0.0140625 0.0171875
0 0.621875 0.5796875 0.0171875 0.0125
0 0.7078125 0.5546875 0.0140625 0.0171875
0 0.596875 0.540625 0.0078125 0.01875
0 0.6390625 0.528125 0.0140625 0.0171875
0 0.584375 0.503125 0.0125 0.0171875
0 0.6734375 0.490625 0.01875 0.0203125
0 0.72421875 0.4546875 0.0171875 0.009375
0 0.40859375 0.4578125 0.0140625 0.015625
0 0.46640625 0.453125 0.0140625 0.00625
0 0.4953125 0.5203125 0.0140625 0.01875
0 0.3921875 0.51484375 0.00625 0.0171875
0 0.471875 0.56875 0.0140625 0.0171875
0 0.459375 0.6171875 0.0140625 0.0171875
0 0.465625 0.6578125 0.0109375 0.01875
0 0.4 0.665625 0.009375 0.0140625
0 0.4296875 0.7015625 0.0109375 0.015625
0 0.98359375 0.5296875 0.0328125 0.159375
0 0.7203125 0.9796875 0.153125 0.040625