0 0.496875 0.225 0.0203125 0.03125
0 0.453125 0.2125 0.015625 0.03125
0 0.459375 0.1796875 0.0140625 0.021875
0 0.3734375 0.146875 0.0171875 0.0375
0 0.3578125 0.1859375 0.0140625 0.028125
0 0.3984375 0.3265625 0.0125 0.0296875
0 0.4 0.2875 0.0125 0.0203125
0 0.3859375 0.2875 0.0109375 0.01875
0 0.3515625 0.315625 0.003125 0.028125
0 0.478125 0.35 0.0140625 0.028125
0 0.48125 0.434375 0.009375 0.0234375
0 0.3796875 0.40625 0.0125 0.0234375
0 0.3546875 0.43046875 0.009375 0.0234375
0 0.36875 0.4015625 0.009375 0.021875
0 0.778125 0.0296875 0.021875 0.034375
0 0.6765625 0.4984375 0.153125 0.0375