0 0.309375 0.478125 0.2375 0.1921875
0 0.415625 0.99296875 0.01875 0.0140625
0 0.446875 0.996875 0.015625 0.00625
0 0.490625 0.975 0.075 0.028125
0 0.54921875 0.978125 0.0171875 0.04375
0 0.5671875 0.98359375 0.01875 0.0328125
0 0.59296875 0.98203125 0.0203125 0.0359375
0 0.615625 0.98671875 0.015625 0.0265625
0 0.63984375 0.9828125 0.0171875 0.034375
0 0.6875 0.9859375 0.015625 0.028125
0 0.70859375 0.98125 0.0203125 0.0375
0 0.73203125 0.97890625 0.0265625 0.0421875
0 0.7578125 0.9734375 0.021875 0.053125
0 0.7796875 0.9796875 0.025 0.040625
0 0.8 0.97734375 0.021875 0.0453125
0 0.8203125 0.975 0.0171875 0.0359375
0 0.853125 0.9609375 0.03125 0.04375
0 0.871875 0.9515625 0.028125 0.046875
0 0.890625 0.94375 0.0265625 0.0390625
0 0.896875 0.9921875 0.01875 0.015625
0 0.9109375 0.98984375 0.01875 0.0203125
0 0.9234375 0.984375 0.015625 0.021875
0 0.9078125 0.9390625 0.0265625 0.0421875
0 0.9390625 0.978125 0.01875 0.0265625
0 0.925 0.9265625 0.025 0.040625
0 0.9671875 0.9640625 0.0203125 0.025
0 0.99140625 0.9484375 0.0171875 0.028125
0 0.946875 0.9265625 0.015625 0.0109375
0 0.95625 0.90625 0.0296875 0.028125
0 0.975 0.8984375 0.0265625 0.0296875
0 0.8015625 0.83125 0.0171875 0.0296875
0 0.815625 0.828125 0.015625 0.028125
0 0.828125 0.821875 0.015625 0.0265625
0 0.8453125 0.815625 0.0140625 0.028125
0 0.85625 0.8125 0.015625 0.0265625
0 0.8703125 0.80625 0.015625 0.028125
0 0.8859375 0.8046875 0.015625 0.028125
0 0.865625 0.778125 0.025 0.0125
0 0.8421875 0.7875 0.0140625 0.009375
0 0.8015625 0.7984375 0.028125 0.0125
0 0.784375 0.8375 0.0203125 0.034375
0 0.76875 0.85 0.0171875 0.046875
0 0.7484375 0.8484375 0.0171875 0.0484375
0 0.7296875 0.85 0.0171875 0.046875
0 0.7078125 0.8515625 0.01875 0.05
0 0.7203125 0.79375 0.015625 0.034375
0 0.703125 0.7921875 0.015625 0.0390625
0 0.684375 0.7921875 0.015625 0.0421875
0 0.6671875 0.853125 0.01875 0.0546875
0 0.6640625 0.790625 0.01875 0.0484375
0 0.646875 0.8546875 0.01875 0.0546875
0 0.6234375 0.859375 0.01875 0.053125
0 0.6015625 0.859375 0.01875 0.0578125
0 0.58125 0.85625 0.01875 0.05
0 0.534375 0.8609375 0.01875 0.0609375
0 0.515625 0.859375 0.01875 0.053125
0 0.4921875 0.8609375 0.0171875 0.059375
0 0.471875 0.8640625 0.01875 0.05625
0 0.4453125 0.8625 0.01875 0.0546875
0 0.4265625 0.8671875 0.01875 0.065625
0 0.64375 0.7921875 0.0171875 0.0453125
0 0.6234375 0.79375 0.0140625 0.040625
0 0.6046875 0.7921875 0.0171875 0.053125
0 0.584375 0.790625 0.0171875 0.05
0 0.5640625 0.79375 0.015625 0.04375
0 0.54375 0.79375 0.0171875 0.0515625
0 0.525 0.7921875 0.015625 0.046875
0 0.50625 0.79375 0.0171875 0.0484375
0 0.4859375 0.796875 0.015625 0.046875
0 0.465625 0.79375 0.015625 0.0484375
0 0.4484375 0.8 0.015625 0.0421875
0 0.4234375 0.7984375 0.01875 0.04375
0 0.4046875 0.865625 0.01875 0.0515625
0 0.3796875 0.8625 0.01875 0.053125
0 0.4 0.790625 0.01875 0.05625