0 0.078125 0.034375 0.0125 0.0390625
0 0.178125 0.040625 0.0078125 0.015625
0 0.253125 0.0421875 0.00625 0.0125
0 0.2703125 0.0421875 0.00625 0.0140625
0 0.2953125 0.0421875 0.00625 0.0140625
0 0.303125 0.040625 0.00625 0.01875
0 0.3203125 0.04375 0.00625 0.0125
0 0.328125 0.040625 0.00625 0.0171875
0 0.31875 0.0640625 0.00625 0.0171875
0 0.3125 0.1640625 0.0109375 0.034375
0 0.3078125 0.215625 0.0109375 0.046875
0 0.41875 0.325 0.028125 0.028125
0 0.4234375 0.296875 0.00625 0.0046875
0 0.4203125 0.290625 0.0375 0.0109375
0 0.3890625 0.3078125 0.0078125 0.0046875
0 0.3875 0.2796875 0.009375 0.05
0 0.4171875 0.25 0.028125 0.0109375
0 0.403125 0.2109375 0.00625 0.00625
0 0.384375 0.209375 0.0125 0.0390625
0 0.41875 0.1953125 0.034375 0.0109375
0 0.3671875 0.159375 0.009375 0.0375
0 0.34375 0.0625 0.00625 0.015625
0 0.34375 0.040625 0.00625 0.0140625
0 0.353125 0.040625 0.0078125 0.01875
0 0.3515625 0.0625 0.0046875 0.0140625
0 0.3765625 0.0625 0.00625 0.0140625
0 0.39375 0.0421875 0.00625 0.015625
0 0.3765625 0.04375 0.00625 0.0140625
0 0.39375 0.0640625 0.00625 0.015625
0 0.4015625 0.0625 0.00625 0.0140625
0 0.4171875 0.0640625 0.00625 0.015625
0 0.425 0.0421875 0.00625 0.015625
0 0.45 0.0625 0.0046875 0.015625
0 0.465625 0.0640625 0.00625 0.015625
0 0.475 0.0703125 0.0078125 0.025
0 0.475 0.0421875 0.00625 0.0140625
0 0.4890625 0.071875 0.0109375 0.03125
0 0.5125 0.0734375 0.009375 0.0328125
0 0.465625 0.1640625 0.009375 0.0375
0 0.4984375 0.1953125 0.05 0.009375
0 0.4546875 0.35625 0.0328125 0.0328125
0 0.5203125 0.165625 0.009375 0.03125
0 0.53515625 0.03125 0.0078125 0.03125
0 0.5375 0.2265625 0.003125 0.053125
0 0.5203125 0.328125 0.0125 0.0359375
0 0.2265625 0.1640625 0.009375 0.028125
0 0.2953125 0.0640625 0.00625 0.0171875
0 0.26875 0.0609375 0.0078125 0.0171875
0 0.24375 0.0640625 0.009375 0.0171875
0 0.215625 0.0671875 0.009375 0.0234375
0 0.153125 0.0703125 0.0109375 0.0296875
0 0.13125 0.065625 0.009375 0.021875
0 0.1015625 0.0734375 0.0125 0.034375
0 0.2703125 0.2125 0.0140625 0.0390625
0 0.2546875 0.2109375 0.0140625 0.05
0 0.1046875 0.1734375 0.034375 0.0359375
0 0.0328125 0.109375 0.0328125 0.0328125
0 0.934375 0.1125 0.13125 0.225
0 0.2140625 0.9046875 0.15625 0.115625
0 0.334375 0.740625 0.16875 0.1421875
0 0.6984375 0.8796875 0.0359375 0.1390625