0 0.0125 0.30546875 0.025 0.3421875
0 0.471875 0.05546875 0.103125 0.0671875
0 0.765625 0.06875 0.13125 0.1375
0 0.63203125 0.48984375 0.2171875 0.2140625
0 0.2734375 0.8390625 0.090625 0.321875
0 0.6640625 0.946875 0.0125 0.009375
0 0.628125 0.965625 0.009375 0.0078125
0 0.615625 0.99765625 0.00625 0.0046875
0 0.5734375 0.9859375 0.00625 0.00625
0 0.584375 0.928125 0.0078125 0.00625
0 0.553125 0.928125 0.00625 0.0046875
0 0.51875 0.8984375 0.0078125 0.0046875
0 0.559375 0.7765625 0.0171875 0.0109375
0 0.8984375 0.665625 0.0296875 0.0140625