0 0.1375 0.2015625 0.0125 0.015625
0 0.0125 0.23125 0.00625 0.0078125
0 0.85546875 0.0828125 0.1546875 0.165625
0 0.175 0.78125 0.1 0.3875
0 0.5359375 0.534375 0.00625 0.00625
0 0.5484375 0.5484375 0.021875 0.0203125
0 0.53125 0.6421875 0.015625 0.0203125
0 0.6484375 0.859375 0.0171875 0.015625
0 0.665625 0.91875 0.0234375 0.0203125
0 0.728125 0.896875 0.025 0.0171875
0 0.7859375 0.875 0.015625 0.0171875
0 0.60625 0.8 0.0203125 0.0203125
0 0.575 0.7359375 0.025 0.028125
0 0.6140625 0.68125 0.0140625 0.0171875
0 0.64375 0.7234375 0.015625 0.0171875
0 0.725 0.7625 0.015625 0.0203125
0 0.6984375 0.715625 0.0234375 0.0234375
0 0.7671875 0.715625 0.01875 0.0140625
0 0.7390625 0.65 0.0171875 0.01875
0 0.665625 0.6453125 0.021875 0.01875
0 0.5859375 0.6390625 0.015625 0.015625
0 0.5875 0.5 0.0203125 0.015625
0 0.65 0.4828125 0.015625 0.028125
0 0.86875 0.4640625 0.0125 0.009375
0 0.8265625 0.4765625 0.0125 0.0171875
0 0.78125 0.5 0.0125 0.01875
0 0.9296875 0.4859375 0.0140625 0.0171875
0 0.89375 0.503125 0.0171875 0.0125
0 0.8078125 0.528125 0.0140625 0.0171875
0 0.91875 0.5421875 0.0078125 0.01875
0 0.8765625 0.5546875 0.0140625 0.0171875
0 0.93125 0.5796875 0.0125 0.0171875
0 0.8421875 0.5921875 0.01875 0.0203125
0 0.790625 0.63125 0.0171875 0.0171875
0 0.8203125 0.6921875 0.0171875 0.0140625
0 0.95 0.7140625 0.0125 0.01875
0 0.99375 0.70390625 0.0125 0.0109375
0 0.9875 0.759375 0.021875 0.015625
0 0.81875 0.8078125 0.0140625 0.01875
0 0.9796875 0.8375 0.0171875 0.01875
0 0.85625 0.903125 0.0203125 0.0203125
0 0.921875 0.903125 0.01875 0.0203125
0 0.99609375 0.88984375 0.0078125 0.0203125