0 0.13984375 0.2234375 0.2796875 0.296875
0 0.41171875 0.284375 0.0859375 0.11875
0 0.84140625 0.34921875 0.1234375 0.0796875
0 0.153125 0.934375 0.221875 0.13125
0 0.7 0.565625 0.0203125 0.0453125
0 0.7296875 0.56875 0.0265625 0.0609375
0 0.7515625 0.5796875 0.0234375 0.0484375
0 0.771875 0.5859375 0.025 0.0546875
0 0.815625 0.603125 0.021875 0.0421875
0 0.8375 0.596875 0.0265625 0.0625
0 0.8625 0.6140625 0.0171875 0.040625
0 0.884375 0.609375 0.0265625 0.0609375
0 0.90625 0.625 0.015625 0.046875
0 0.9234375 0.625 0.0140625 0.0359375
0 0.7390625 0.46875 0.01875 0.0375
0 0.7703125 0.471875 0.015625 0.028125
0 0.8015625 0.48125 0.015625 0.0296875
0 0.8171875 0.484375 0.0125 0.0265625
0 0.834375 0.4875 0.0125 0.028125
0 0.8484375 0.490625 0.0171875 0.03125
0 0.9265625 0.5078125 0.0109375 0.028125
0 0.8140625 0.4390625 0.075 0.028125
0 0.8734375 0.4453125 0.0171875 0.0484375
0 0.890625 0.453125 0.01875 0.04375
0 0.9171875 0.4546875 0.0203125 0.053125
0 0.9390625 0.459375 0.015625 0.0421875
0 0.9421875 0.5125 0.0125 0.0328125
0 0.959375 0.509375 0.0109375 0.028125
0 0.953125 0.6265625 0.015625 0.040625
0 0.971875 0.628125 0.01875 0.0515625
0 0.99453125 0.6265625 0.0109375 0.040625
0 0.990625 0.5109375 0.0125 0.028125
0 0.9640625 0.45625 0.0171875 0.053125
0 0.9328125 0.72109375 0.0875 0.0890625