0 0.1578125 0.175 0.09375 0.2
0 0.44765625 0.28125 0.0609375 0.115625
0 0.4109375 0.3578125 0.09375 0.0375
0 0.02734375 0.778125 0.0546875 0.0875
0 0.496875 0.975 0.20625 0.05
0 0.98984375 0.66796875 0.0203125 0.0453125
0 0.99609375 0.9234375 0.0078125 0.021875
0 0.99375 0.9359375 0.0125 0.0140625
0 0.990625 0.9453125 0.0171875 0.0171875
0 0.95625 0.8875 0.0234375 0.0203125
0 0.946875 0.875 0.0375 0.034375
0 0.9375 0.8609375 0.034375 0.0328125
0 0.921875 0.8546875 0.0265625 0.028125
0 0.9015625 0.8359375 0.025 0.025
0 0.878125 0.809375 0.0328125 0.0296875
0 0.8671875 0.7984375 0.025 0.0234375
0 0.853125 0.778125 0.025 0.025
0 0.85 0.8296875 0.015625 0.0140625
0 0.8625 0.84375 0.01875 0.01875
0 0.8890625 0.8734375 0.0109375 0.0125
0 0.9296875 0.9171875 0.0125 0.0109375
0 0.8671875 0.9421875 0.0203125 0.0171875
0 0.875 0.95 0.0171875 0.015625
0 0.88125 0.9578125 0.0171875 0.0171875
0 0.8875 0.965625 0.01875 0.015625
0 0.9 0.9828125 0.0171875 0.015625
0 0.8625 0.96875 0.009375 0.009375
0 0.825 0.8984375 0.0078125 0.009375
0 0.83125 0.9046875 0.0203125 0.0171875
0 0.8171875 0.8890625 0.0203125 0.01875
0 0.7953125 0.865625 0.01875 0.0171875
0 0.78125 0.8484375 0.01875 0.0171875
0 0.76875 0.83125 0.021875 0.0203125
0 0.7546875 0.8171875 0.021875 0.0203125
0 0.7484375 0.8046875 0.025 0.0234375
0 0.734375 0.7953125 0.028125 0.028125
0 0.75 0.78125 0.0109375 0.0109375
0 0.6234375 0.7546875 0.00625 0.00625
0 0.6203125 0.7515625 0.009375 0.0078125
0 0.615625 0.74375 0.009375 0.009375
0 0.609375 0.76796875 0.01875 0.0171875
0 0.6109375 0.7859375 0.009375 0.009375
0 0.6171875 0.79375 0.0140625 0.0109375
0 0.625 0.803125 0.0140625 0.0109375
0 0.6328125 0.8265625 0.0078125 0.009375
0 0.6421875 0.8359375 0.009375 0.009375
0 0.66875 0.84375 0.0453125 0.071875
0 0.753125 0.9296875 0.096875 0.140625
0 0.75078125 0.99921875 0.0078125 0.0015625
0 0.7421875 0.99375 0.0046875 0.00625
0 0.71640625 0.99609375 0.0078125 0.0078125
0 0.6796875 0.9796875 0.05 0.0328125