0 0.171875 0.359375 0.1109375 0.2234375
0 0.4921875 0.984375 0.0140625 0.0234375
0 0.77734375 0.8015625 0.0109375 0.040625
0 0.796875 0.796875 0.0265625 0.0609375
0 0.81875 0.8125 0.015625 0.046875
0 0.8359375 0.8125 0.0140625 0.0359375
0 0.8390625 0.6953125 0.0109375 0.028125
0 0.78515625 0.6375 0.0171875 0.0375
0 0.803125 0.640625 0.01875 0.04375
0 0.82890625 0.64375 0.0203125 0.05
0 0.8515625 0.646875 0.015625 0.0421875
0 0.8546875 0.7 0.0125 0.0328125
0 0.871875 0.696875 0.0109375 0.028125
0 0.865625 0.8140625 0.015625 0.040625
0 0.884375 0.815625 0.01875 0.0515625
0 0.909375 0.8140625 0.0140625 0.040625
0 0.9296875 0.803125 0.0171875 0.0640625
0 0.9546875 0.8109375 0.015625 0.04375
0 0.975 0.8140625 0.015625 0.0375
0 0.9921875 0.79609375 0.015625 0.0640625
0 0.903125 0.6984375 0.0125 0.028125
0 0.87578125 0.64453125 0.0171875 0.0515625
0 0.9234375 0.64375 0.015625 0.040625
0 0.934375 0.696875 0.0125 0.0265625
0 0.9515625 0.7 0.0140625 0.0328125
0 0.9671875 0.6984375 0.0140625 0.03125
0 0.99609375 0.68828125 0.0078125 0.0203125
0 0.94453125 0.6421875 0.0203125 0.046875
0 0.96796875 0.64296875 0.0265625 0.0484375
0 0.99140625 0.6375 0.0171875 0.0375