0 0.2125 0.6984375 0.0109375 0.0203125
0 0.9625 0.3125 0.0078125 0.0078125
0 0.6953125 0.3875 0.015625 0.0265625
0 0.753125 0.4109375 0.021875 0.028125
0 0.76875 0.5203125 0.0171875 0.028125
0 0.5921875 0.48125 0.021875 0.025
0 0.6015625 0.415625 0.021875 0.034375
0 0.55 0.44375 0.0203125 0.025
0 0.540625 0.2328125 0.01875 0.0234375
0 0.4453125 0.26875 0.015625 0.0296875
0 0.4390625 0.3828125 0.021875 0.028125
0 0.44375 0.465625 0.025 0.01875
0 0.4078125 0.334375 0.015625 0.028125
0 0.3421875 0.3828125 0.0265625 0.009375
0 0.4046875 0.4265625 0.025 0.0171875
0 0.2953125 0.446875 0.0265625 0.03125
0 0.359375 0.478125 0.034375 0.015625
0 0.3171875 0.525 0.021875 0.009375
0 0.2765625 0.5328125 0.0171875 0.0078125
0 0.4203125 0.5078125 0.0265625 0.0109375
0 0.3875 0.5484375 0.021875 0.009375
0 0.5546875 0.5484375 0.0296875 0.01875
0 0.603125 0.575 0.015625 0.025
0 0.5125 0.65 0.01875 0.0203125
0 0.425 0.59375 0.021875 0.009375
0 0.4453125 0.6578125 0.0171875 0.0203125
0 0.5796875 0.76875 0.0125 0.0234375
0 0.3390625 0.5671875 0.0203125 0.009375
0 0.3421875 0.6109375 0.021875 0.009375
0 0.3625 0.653125 0.021875 0.009375
0 0.3125 0.66875 0.0109375 0.015625
0 0.2859375 0.5796875 0.01875 0.009375
0 0.246875 0.584375 0.0203125 0.009375
0 0.2015625 0.615625 0.0203125 0.028125
0 0.2625 0.646875 0.0234375 0.025
0 0.26875 0.70625 0.0140625 0.0265625
0 0.3171875 0.7171875 0.015625 0.0296875
0 0.2890625 0.7578125 0.0109375 0.0203125
0 0.2640625 0.75 0.00625 0.0140625
0 0.2546875 0.7484375 0.00625 0.015625
0 0.246875 0.7515625 0.0078125 0.0234375
0 0.2203125 0.7421875 0.0078125 0.0125
0 0.2046875 0.7375 0.00625 0.0125
0 0.1953125 0.7375 0.0078125 0.0171875
0 0.159375 0.73125 0.0109375 0.01875
0 0.15 0.7265625 0.0109375 0.0171875
0 0.2 0.690625 0.0125 0.0296875
0 0.1828125 0.6875 0.0171875 0.028125
0 0.1609375 0.675 0.0234375 0.0328125
0 0.090625 0.553125 0.0203125 0.028125
0 0.0703125 0.590625 0.025 0.040625
0 0.0484375 0.634375 0.0203125 0.03125