0 0.37734375 0.26796875 0.1234375 0.2203125
0 0.82578125 0.1 0.2578125 0.2
0 0.025 0.934375 0.015625 0.0296875
0 0.040625 0.9375 0.0125 0.0265625
0 0.0578125 0.940625 0.0125 0.028125
0 0.071875 0.94375 0.0171875 0.03125
0 0.15 0.9609375 0.0109375 0.028125
0 0.0375 0.8921875 0.075 0.028125
0 0.096875 0.8984375 0.0171875 0.0484375
0 0.1140625 0.90625 0.01875 0.04375
0 0.140625 0.9078125 0.0203125 0.053125
0 0.1625 0.9125 0.015625 0.0421875
0 0.165625 0.965625 0.0125 0.0328125
0 0.1828125 0.9625 0.0109375 0.028125
0 0.2140625 0.9640625 0.0125 0.028125
0 0.1875 0.909375 0.0171875 0.053125
0 0.234375 0.909375 0.015625 0.040625
0 0.2453125 0.9625 0.0125 0.0265625
0 0.2625 0.965625 0.0140625 0.0328125
0 0.278125 0.9640625 0.0140625 0.03125
0 0.25625 0.90625 0.0203125 0.0515625
0 0.2796875 0.9046875 0.0265625 0.0578125
0 0.29609375 0.89296875 0.0046875 0.0578125
0 0.2921875 0.76484375 0.0125 0.0484375
0 0.2765625 0.7671875 0.0171875 0.046875
0 0.2546875 0.76875 0.01875 0.05
0 0.2671875 0.7109375 0.015625 0.034375
0 0.25 0.709375 0.015625 0.0390625
0 0.23125 0.709375 0.015625 0.0421875
0 0.2140625 0.7703125 0.01875 0.0546875
0 0.2109375 0.7078125 0.01875 0.0484375
0 0.19375 0.771875 0.01875 0.0546875
0 0.1703125 0.7765625 0.01875 0.053125
0 0.1484375 0.7765625 0.01875 0.0578125
0 0.128125 0.7734375 0.01875 0.05
0 0.08125 0.778125 0.01875 0.0609375
0 0.0625 0.7765625 0.01875 0.053125
0 0.0390625 0.778125 0.0171875 0.059375
0 0.01875 0.78125 0.01875 0.05625
0 0.190625 0.709375 0.0171875 0.0453125
0 0.1703125 0.7109375 0.0140625 0.040625
0 0.1515625 0.709375 0.0171875 0.053125
0 0.13125 0.7078125 0.0171875 0.05
0 0.1109375 0.7109375 0.015625 0.04375
0 0.090625 0.7109375 0.0171875 0.0515625
0 0.071875 0.709375 0.015625 0.046875
0 0.053125 0.7109375 0.0171875 0.0484375
0 0.0328125 0.7140625 0.015625 0.046875
0 0.0125 0.7109375 0.015625 0.0484375
0 0.0015625 0.71640625 0.003125 0.0421875
0 0.3703125 0.65390625 0.1375 0.1609375