0 0.32421875 0.171875 0.0296875 0.0125
0 0.33046875 0.11953125 0.0171875 0.0140625
0 0.3015625 0.2515625 0.028125 0.0140625
0 0.2171875 0.2546875 0.0234375 0.009375
0 0.2453125 0.153125 0.0234375 0.0125
0 0.2203125 0.128125 0.0234375 0.0109375
0 0.25 0.1421875 0.021875 0.009375
0 0.253125 0.11875 0.0234375 0.0109375
0 0.2234375 0.1171875 0.015625 0.009375
0 0.259375 0.1046875 0.025 0.0125
0 0.2609375 0.09375 0.015625 0.009375
0 0.2734375 0.05625 0.028125 0.0109375
0 0.2734375 0.0453125 0.0234375 0.0140625
0 0.2765625 0.03125 0.021875 0.0125
0 0.2796875 0.021875 0.0140625 0.009375
0 0.2421875 0.04375 0.015625 0.0078125
0 0.24921875 0.00625 0.0296875 0.0125
0 0.1421875 0.00234375 0.028125 0.0046875
0 0.1234375 0.01875 0.015625 0.0109375
0 0.11875 0.0359375 0.025 0.0171875
0 0.1203125 0.053125 0.0171875 0.0109375
0 0.103125 0.0421875 0.01875 0.0109375
0 0.1015625 0.0796875 0.0234375 0.0125
0 0.1 0.25625 0.0421875 0.0125
0 0.409375 0.2390625 0.0265625 0.034375
0 0.51484375 0.2640625 0.1734375 0.071875
0 0.1921875 0.51875 0.2640625 0.1390625
0 0.6 0.3984375 0.0765625 0.146875
0 0.37890625 0.91015625 0.0796875 0.1796875