0 0.41484375 0.48203125 0.1078125 0.1359375
0 0.70546875 0.3140625 0.1015625 0.05
0 0.821875 0.1734375 0.1703125 0.1671875
0 0.534375 0.8734375 0.0109375 0.0328125
0 0.475 0.9140625 0.009375 0.028125
0 0.4859375 0.9109375 0.009375 0.025
0 0.509375 0.9125 0.009375 0.0265625
0 0.534375 0.9125 0.0078125 0.028125
0 0.5015625 0.99765625 0.00625 0.0046875
0 0.56328125 0.98828125 0.0109375 0.0234375
0 0.5578125 0.9140625 0.0109375 0.028125
0 0.56875 0.8765625 0.0109375 0.0265625
0 0.56875 0.909375 0.0078125 0.021875
0 0.58125 0.9109375 0.0078125 0.025
0 0.59375 0.8765625 0.009375 0.028125
0 0.6046875 0.8765625 0.009375 0.0265625
0 0.6140625 0.9890625 0.009375 0.021875
0 0.6625 0.990625 0.009375 0.01875
0 0.628125 0.9125 0.009375 0.028125
0 0.640625 0.909375 0.0078125 0.0203125
0 0.6625 0.9125 0.009375 0.0296875
0 0.6859375 0.915625 0.0109375 0.034375
0 0.68671875 0.98828125 0.0109375 0.0234375
0 0.7109375 0.996875 0.0109375 0.0046875
0 0.70625 0.990625 0.0203125 0.00625
0 0.7078125 0.975 0.01875 0.00625
0 0.70625 0.965625 0.015625 0.00625
0 0.70625 0.95 0.015625 0.00625
0 0.709375 0.925 0.0171875 0.00625
0 0.70625 0.915625 0.015625 0.00625
0 0.7046875 0.8828125 0.0109375 0.00625
0 0.7078125 0.8328125 0.0125 0.00625
0 0.7078125 0.79375 0.0140625 0.00625
0 0.70625 0.7484375 0.0140625 0.00625
0 0.6890625 0.80625 0.0046875 0.015625
0 0.678125 0.809375 0.00625 0.0234375
0 0.6765625 0.775 0.0078125 0.025
0 0.6671875 0.7796875 0.00625 0.01875
0 0.65625 0.778125 0.00625 0.0203125
0 0.6453125 0.7765625 0.00625 0.0171875
0 0.65625 0.8078125 0.00625 0.01875
0 0.6453125 0.80625 0.00625 0.0171875
0 0.6359375 0.8078125 0.0078125 0.025
0 0.6375 0.784375 0.003125 0.00625
0 0.5546875 0.7875 0.0046875 0.003125
0 0.634375 0.7765625 0.00625 0.0171875
0 0.6234375 0.8078125 0.009375 0.025
0 0.625 0.7765625 0.0078125 0.015625
0 0.6046875 0.778125 0.0078125 0.01875
0 0.6046875 0.8046875 0.0078125 0.01875
0 0.59375 0.8078125 0.009375 0.0234375
0 0.59375 0.778125 0.0078125 0.0203125
0 0.584375 0.8046875 0.00625 0.0140625
0 0.5734375 0.8046875 0.00625 0.0171875
0 0.575 0.7765625 0.00625 0.0234375
0 0.5625 0.8078125 0.009375 0.021875
0 0.5515625 0.778125 0.00625 0.01875
0 0.553125 0.8046875 0.009375 0.0203125
0 0.5421875 0.80625 0.0078125 0.021875
0 0.5421875 0.7765625 0.0078125 0.0203125
0 0.5328125 0.8078125 0.0078125 0.025
0 0.5203125 0.8078125 0.009375 0.021875
0 0.53125 0.7796875 0.0078125 0.015625
0 0.5125 0.80625 0.00625 0.0203125
0 0.5 0.809375 0.009375 0.0234375
0 0.5109375 0.778125 0.00625 0.01875
0 0.5015625 0.778125 0.00625 0.01875
0 0.48125 0.80625 0.00625 0.015625
0 0.47109375 0.77421875 0.0046875 0.0234375
0 0.471875 0.80703125 0.00625 0.0265625