0 0.16875 0.25 0.234375 0.1
0 0.6921875 0.390625 0.0046875 0.0109375
0 0.8390625 0.1921875 0.0359375 0.0109375
0 0.99375 0.546875 0.0109375 0.028125
0 0.93515625 0.4609375 0.0171875 0.021875
0 0.86796875 0.4640625 0.0234375 0.028125
0 0.84453125 0.4546875 0.0203125 0.009375
0 0.9625 0.5453125 0.0125 0.028125
0 0.9890625 0.6 0.0171875 0.053125
0 0.9421875 0.6 0.015625 0.040625
0 0.93125 0.546875 0.0125 0.0265625
0 0.9140625 0.54375 0.0140625 0.0328125
0 0.8984375 0.5453125 0.0140625 0.03125
0 0.8671875 0.5546875 0.0109375 0.0203125
0 0.9203125 0.603125 0.0203125 0.0515625
0 0.896875 0.6046875 0.0265625 0.0578125
0 0.871875 0.615625 0.021875 0.0578125
0 0.85 0.6109375 0.025 0.04375
0 0.8296875 0.6140625 0.021875 0.046875
0 0.81796875 0.45625 0.0171875 0.0125
0 0.8359375 0.559375 0.0125 0.0265625
0 0.8234375 0.5609375 0.015625 0.028125
0 0.80625 0.5640625 0.0140625 0.0296875
0 0.77890625 0.4703125 0.0265625 0.040625
0 0.76484375 0.4640625 0.0078125 0.028125
0 0.7921875 0.56875 0.015625 0.028125
0 0.778125 0.571875 0.01875 0.03125
0 0.765625 0.58125 0.009375 0.025
0 0.809375 0.6171875 0.0171875 0.0359375
0 0.7765625 0.63125 0.03125 0.04375
0 0.76640625 0.640625 0.0109375 0.046875
0 0.82734375 0.75625 0.0171875 0.021875
0 0.8140625 0.75859375 0.015625 0.0171875
0 0.8015625 0.76171875 0.015625 0.0109375
0 0.84453125 0.75234375 0.0203125 0.0296875
0 0.8609375 0.7421875 0.0171875 0.046875
0 0.88046875 0.74296875 0.0171875 0.0484375
0 0.9 0.7421875 0.0171875 0.046875
0 0.921875 0.740625 0.01875 0.05
0 0.9625 0.7390625 0.01875 0.0546875
0 0.9828125 0.7375 0.01875 0.0546875
0 0.87734375 0.93984375 0.1796875 0.1203125