0 0.4203125 0.2921875 0.009375 0.025
0 0.4328125 0.29375 0.0078125 0.025
0 0.4453125 0.2890625 0.009375 0.0328125
0 0.4453125 0.20703125 0.009375 0.0390625
0 0.346875 0.2015625 0.0078125 0.015625
0 0.271875 0.2 0.00625 0.0125
0 0.2546875 0.2 0.00625 0.0140625
0 0.3125 0.2921875 0.009375 0.0265625
0 0.265625 0.290625 0.009375 0.0265625
0 0.2203125 0.425 0.0078125 0.0234375
0 0.240625 0.290625 0.009375 0.028125
0 0.19375 0.290625 0.009375 0.028125
0 0.2296875 0.2 0.00625 0.0140625
0 0.221875 0.2015625 0.00625 0.01875
0 0.2046875 0.1984375 0.00625 0.0125
0 0.196875 0.2015625 0.00625 0.0171875
0 0.20625 0.178125 0.00625 0.0171875
0 0.2125 0.078125 0.0109375 0.034375
0 0.2171875 0.0265625 0.0109375 0.046875
0 0.121875 0.03125 0.00625 0.00625
0 0.140625 0.0328125 0.0125 0.0390625
0 0.10625 0.046875 0.034375 0.0109375
0 0.1578125 0.0828125 0.009375 0.0375
0 0.18125 0.1796875 0.00625 0.015625
0 0.18125 0.2015625 0.00625 0.0140625
0 0.171875 0.2015625 0.0078125 0.01875
0 0.1734375 0.1796875 0.0046875 0.0140625
0 0.1484375 0.1796875 0.00625 0.0140625
0 0.13125 0.2 0.00625 0.015625
0 0.1484375 0.1984375 0.00625 0.0140625
0 0.13125 0.178125 0.00625 0.015625
0 0.1234375 0.1796875 0.00625 0.0140625
0 0.1078125 0.178125 0.00625 0.015625
0 0.1703125 0.2890625 0.009375 0.03125
0 0.16875 0.31875 0.00625 0.0046875
0 0.159375 0.3265625 0.0078125 0.028125
0 0.1234375 0.29375 0.0078125 0.0234375
0 0.1375 0.3203125 0.00625 0.0140625
0 0.121875 0.325 0.0078125 0.025
0 0.1109375 0.325 0.0078125 0.0265625
0 0.0171875 0.3296875 0.0109375 0.0328125
0 0.0765625 0.2890625 0.009375 0.028125
0 0.065625 0.2921875 0.009375 0.025
0 0.0421875 0.290625 0.009375 0.0265625
0 0.0171875 0.290625 0.0078125 0.028125
0 0.1 0.2 0.00625 0.015625
0 0.075 0.1796875 0.0046875 0.015625
0 0.059375 0.178125 0.00625 0.015625
0 0.05 0.171875 0.0078125 0.025
0 0.05 0.2 0.00625 0.0140625
0 0.0359375 0.1703125 0.0109375 0.03125
0 0.0125 0.16875 0.009375 0.0328125
0 0.059375 0.078125 0.009375 0.0375
0 0.0265625 0.046875 0.05 0.009375
0 0.0046875 0.0765625 0.009375 0.03125
0 0.0015625 0.425 0.003125 0.01875
0 0.0015625 0.39765625 0.003125 0.0203125
0 0.009375 0.396875 0.0078125 0.021875
0 0.009375 0.4265625 0.0078125 0.0203125
0 0.01875 0.3953125 0.0078125 0.025
0 0.03125 0.3953125 0.009375 0.021875
0 0.0203125 0.4234375 0.0078125 0.015625
0 0.0390625 0.396875 0.00625 0.0203125
0 0.0515625 0.39375 0.009375 0.0234375
0 0.040625 0.425 0.00625 0.01875
0 0.05 0.425 0.00625 0.01875
0 0.0703125 0.396875 0.00625 0.015625
0 0.08046875 0.42734375 0.0078125 0.0234375
0 0.08125 0.3953125 0.009375 0.0265625
0 0.09375 0.3953125 0.0078125 0.0234375
0 0.103125 0.4265625 0.009375 0.025
0 0.1140625 0.4265625 0.0078125 0.021875
0 0.103125 0.39375 0.009375 0.025
0 0.115625 0.3953125 0.0078125 0.0203125
0 0.1265625 0.39375 0.009375 0.0265625
0 0.134375 0.396875 0.009375 0.021875
0 0.1484375 0.3953125 0.009375 0.0265625
0 0.1578125 0.396875 0.0078125 0.021875
0 0.1484375 0.425 0.0078125 0.01875
0 0.16875 0.4234375 0.00625 0.015625
0 0.16875 0.396875 0.0078125 0.01875
0 0.1796875 0.3953125 0.0078125 0.0203125
0 0.1921875 0.3953125 0.0078125 0.025
0 0.2 0.3953125 0.0078125 0.025
0 0.2203125 0.396875 0.0078125 0.0203125
0 0.2328125 0.3953125 0.009375 0.0265625
0 0.2421875 0.4234375 0.00625 0.015625
0 0.253125 0.396875 0.0078125 0.0171875
0 0.2734375 0.4265625 0.00625 0.01875
0 0.29375 0.396875 0.00625 0.0203125
0 0.3046875 0.396875 0.00625 0.0140625
0 0.303125 0.4265625 0.009375 0.025
0 0.334375 0.4296875 0.00625 0.0140625
0 0.3453125 0.396875 0.0078125 0.0171875
0 0.3546875 0.4265625 0.0078125 0.021875
0 0.3546875 0.4015625 0.00625 0.0140625
0 0.3640625 0.396875 0.009375 0.025
0 0.3640625 0.4265625 0.0078125 0.021875
0 0.3859375 0.396875 0.0078125 0.021875
0 0.3765625 0.4265625 0.0109375 0.0234375
0 0.403125 0.40625 0.0046875 0.00625
0 0.396875 0.39375 0.0078125 0.0203125
0 0.4171875 0.3953125 0.00625 0.01875
0 0.440625 0.3953125 0.009375 0.0265625
0 0.2984375 0.078125 0.009375 0.028125
0 0.2296875 0.178125 0.00625 0.0171875
0 0.25625 0.18125 0.0078125 0.0171875
0 0.28125 0.178125 0.009375 0.0171875
0 0.309375 0.175 0.009375 0.0234375
0 0.371875 0.171875 0.0109375 0.0296875
0 0.39375 0.1765625 0.009375 0.021875
0 0.4234375 0.16875 0.0125 0.034375
0 0.2546875 0.0296875 0.0140625 0.0390625
0 0.2703125 0.03125 0.0140625 0.05
0 0.4203125 0.06875 0.034375 0.0359375
0 0.959375 0.8234375 0.071875 0.109375