0 0.315625 0.0375 0.0296875 0.0390625
0 0.3765625 0.415625 0.028125 0.028125
0 0.38125 0.3875 0.00625 0.0046875
0 0.378125 0.38125 0.0375 0.0109375
0 0.375 0.340625 0.028125 0.0109375
0 0.3609375 0.3015625 0.00625 0.00625
0 0.3765625 0.2859375 0.034375 0.0109375
0 0.35390625 0.1328125 0.0015625 0.015625
0 0.35390625 0.1546875 0.0015625 0.015625
0 0.359375 0.153125 0.00625 0.0140625
0 0.375 0.1546875 0.00625 0.015625
0 0.359375 0.0390625 0.0078125 0.0234375
0 0.36015625 0.01015625 0.0078125 0.0203125
0 0.37109375 0.01015625 0.0078125 0.0203125
0 0.46484375 0.009375 0.0109375 0.01875
0 0.40625 0.04375 0.009375 0.028125
0 0.4171875 0.040625 0.009375 0.025
0 0.440625 0.0421875 0.009375 0.0265625
0 0.465625 0.0421875 0.0078125 0.028125
0 0.3828125 0.1328125 0.00625 0.015625
0 0.4078125 0.153125 0.0046875 0.015625
0 0.4234375 0.1546875 0.00625 0.015625
0 0.4328125 0.1609375 0.0078125 0.025
0 0.4328125 0.1328125 0.00625 0.0140625
0 0.446875 0.1625 0.0109375 0.03125
0 0.4703125 0.1640625 0.009375 0.0328125
0 0.4234375 0.2546875 0.009375 0.0375
0 0.45625 0.2859375 0.05 0.009375
0 0.4125 0.446875 0.0328125 0.0328125
0 0.478125 0.25625 0.009375 0.03125
0 0.4953125 0.121875 0.0109375 0.03125
0 0.4890625 0.04375 0.0109375 0.028125
0 0.49921875 0.009375 0.0109375 0.01875
0 0.5 0.0390625 0.0078125 0.021875
0 0.5125 0.040625 0.0078125 0.025
0 0.525 0.01015625 0.009375 0.0203125
0 0.5359375 0.009375 0.009375 0.01875
0 0.5453125 0.1234375 0.009375 0.03125
0 0.5015625 0.3171875 0.015625 0.053125
0 0.478125 0.41875 0.0125 0.0359375
0 0.58125 0.1625 0.0109375 0.03125
0 0.59375 0.125 0.009375 0.0265625
0 0.559375 0.0421875 0.009375 0.028125
0 0.571875 0.0390625 0.0078125 0.0203125
0 0.59375 0.0421875 0.009375 0.0296875
0 0.6171875 0.0453125 0.0109375 0.034375
0 0.61875 0.1234375 0.0109375 0.034375
0 0.61875 0.165625 0.009375 0.0328125
0 0.590625 0.2625 0.0078125 0.0203125
0 0.6015625 0.2640625 0.00625 0.0171875
0 0.5984375 0.2875 0.0453125 0.0140625
0 0.6125 0.3328125 0.021875 0.009375
0 0.6140625 0.34375 0.01875 0.0078125
0 0.6125 0.353125 0.0234375 0.0078125
0 0.6140625 0.39375 0.0203125 0.0078125
0 0.6328125 0.365625 0.0078125 0.0234375
0 0.6359375 0.30625 0.0140625 0.021875
0 0.6171875 0.253125 0.0140625 0.0375
0 0.6328125 0.2171875 0.00625 0.0234375
0 0.6390625 0.215625 0.0078125 0.021875
0 0.6359375 0.19375 0.015625 0.0078125
0 0.6375 0.1640625 0.015625 0.00625
0 0.6375 0.15625 0.015625 0.00625
0 0.6390625 0.1484375 0.0171875 0.00625
0 0.6375 0.1390625 0.0140625 0.00625
0 0.6421875 0.1265625 0.0109375 0.0046875
0 0.6375 0.1203125 0.0203125 0.00625
0 0.6390625 0.1046875 0.01875 0.00625
0 0.6375 0.0953125 0.015625 0.00625
0 0.6375 0.0796875 0.015625 0.00625
0 0.640625 0.0546875 0.0171875 0.00625
0 0.6375 0.0453125 0.015625 0.00625
0 0.6359375 0.0125 0.0109375 0.00625
0 0.07109375 0.6078125 0.1421875 0.215625
0 0.603125 0.7859375 0.05 0.1140625