0 0.634375 0.2296875 0.0078125 0.0078125
0 0.3671875 0.3046875 0.015625 0.0265625
0 0.425 0.328125 0.021875 0.028125
0 0.440625 0.4375 0.0171875 0.028125
0 0.2640625 0.3984375 0.021875 0.025
0 0.2734375 0.3328125 0.021875 0.034375
0 0.221875 0.3609375 0.0203125 0.025
0 0.2125 0.15 0.01875 0.0234375
0 0.1171875 0.1859375 0.015625 0.0296875
0 0.1109375 0.3 0.021875 0.028125
0 0.115625 0.3828125 0.025 0.01875
0 0.0796875 0.2515625 0.015625 0.028125
0 0.0140625 0.3 0.0265625 0.009375
0 0.0765625 0.34375 0.025 0.0171875
0 0.03125 0.3953125 0.034375 0.015625
0 0.0921875 0.425 0.0265625 0.0109375
0 0.059375 0.465625 0.021875 0.009375
0 0.2265625 0.465625 0.0296875 0.01875
0 0.275 0.4921875 0.015625 0.025
0 0.096875 0.5109375 0.021875 0.009375
0 0.0109375 0.484375 0.0203125 0.009375
0 0.0140625 0.5265625 0.021875 0.00625
0 0.94375 0.08515625 0.1125 0.1703125
0 0.878125 0.46015625 0.0875 0.1390625
0 0.73046875 0.83046875 0.1234375 0.1765625