0 0.053125 0.42265625 0.00625 0.0171875
0 0.26796875 0.52421875 0.0421875 0.1015625
0 0.46953125 0.584375 0.1609375 0.06875
0 0.0484375 0.8078125 0.096875 0.203125
0 0.625 0.70625 0.0125 0.0296875
0 0.6265625 0.6671875 0.0125 0.0203125
0 0.6125 0.6671875 0.0109375 0.01875
0 0.5734375 0.6953125 0.0140625 0.028125
0 0.56875 0.6546875 0.0140625 0.0296875
0 0.7046875 0.7296875 0.0140625 0.028125
0 0.7078125 0.8140625 0.009375 0.0234375
0 0.60625 0.7859375 0.0125 0.0234375
0 0.58125 0.8109375 0.0109375 0.0234375
0 0.5953125 0.78125 0.009375 0.021875
0 0.571875 0.778125 0.0109375 0.0234375
0 0.5703125 0.8078125 0.009375 0.015625
0 0.5578125 0.771875 0.0125 0.025
0 0.709375 0.93125 0.0125 0.0421875