0 0.7015625 0.2953125 0.015625 0.046875
0 0.684375 0.2953125 0.0140625 0.0359375
0 0.68125 0.4125 0.0109375 0.028125
0 0.68984375 0.459375 0.0203125 0.040625
0 0.66875 0.459375 0.015625 0.040625
0 0.665625 0.4078125 0.0125 0.0328125
0 0.6484375 0.4109375 0.0109375 0.028125
0 0.6546875 0.29375 0.015625 0.040625
0 0.6359375 0.2921875 0.01875 0.0515625
0 0.6109375 0.29375 0.0140625 0.040625
0 0.590625 0.3046875 0.0171875 0.0640625
0 0.565625 0.296875 0.015625 0.04375
0 0.5453125 0.29375 0.015625 0.0375
0 0.5234375 0.3109375 0.0234375 0.0640625
0 0.5 0.303125 0.0203125 0.0421875
0 0.6171875 0.409375 0.0125 0.028125
0 0.64296875 0.45859375 0.0171875 0.0421875
0 0.596875 0.46171875 0.015625 0.0359375
0 0.5859375 0.4109375 0.0125 0.0265625
0 0.56875 0.4078125 0.0140625 0.0328125
0 0.553125 0.409375 0.0140625 0.03125
0 0.521875 0.41875 0.0109375 0.0203125
0 0.57421875 0.46015625 0.0203125 0.0390625
0 0.55078125 0.459375 0.0265625 0.040625
0 0.5265625 0.46484375 0.021875 0.0296875
0 0.5046875 0.46640625 0.025 0.0265625
0 0.484375 0.4671875 0.021875 0.025
0 0.4734375 0.3078125 0.0171875 0.0390625
0 0.490625 0.4234375 0.0125 0.0265625
0 0.478125 0.425 0.015625 0.028125
0 0.4609375 0.428125 0.0140625 0.0296875
0 0.434375 0.325 0.0265625 0.059375
0 0.41953125 0.3234375 0.0078125 0.0375
0 0.446875 0.4328125 0.015625 0.028125
0 0.4328125 0.4359375 0.01875 0.03125
0 0.4203125 0.4453125 0.009375 0.025
0 0.46328125 0.47109375 0.0171875 0.0171875
0 0.32265625 0.95078125 0.0859375 0.0984375
0 0.7734375 0.8234375 0.046875 0.2125