0 0.21875 0.215625 0.0203125 0.0453125
0 0.2484375 0.21875 0.0265625 0.0609375
0 0.2703125 0.2296875 0.0234375 0.0484375
0 0.290625 0.2359375 0.025 0.0546875
0 0.334375 0.253125 0.021875 0.0421875
0 0.35625 0.246875 0.0265625 0.0625
0 0.38125 0.2640625 0.0171875 0.040625
0 0.403125 0.259375 0.0265625 0.0609375
0 0.425 0.275 0.015625 0.046875
0 0.4421875 0.275 0.0140625 0.0359375
0 0.2578125 0.11875 0.01875 0.0375
0 0.2890625 0.121875 0.015625 0.028125
0 0.3203125 0.13125 0.015625 0.0296875
0 0.3359375 0.134375 0.0125 0.0265625
0 0.353125 0.1375 0.0125 0.028125
0 0.3671875 0.140625 0.0171875 0.03125
0 0.4453125 0.1578125 0.0109375 0.028125
0 0.3328125 0.0890625 0.075 0.028125
0 0.3921875 0.0953125 0.0171875 0.0484375
0 0.409375 0.103125 0.01875 0.04375
0 0.4359375 0.1046875 0.0203125 0.053125
0 0.4578125 0.109375 0.015625 0.0421875
0 0.4609375 0.1625 0.0125 0.0328125
0 0.478125 0.159375 0.0109375 0.028125
0 0.471875 0.2765625 0.015625 0.040625
0 0.490625 0.278125 0.01875 0.0515625
0 0.515625 0.2765625 0.0140625 0.040625
0 0.5328125 0.26484375 0.0125 0.0640625
0 0.509375 0.1609375 0.0125 0.028125
0 0.4828125 0.10625 0.0171875 0.053125
0 0.5296875 0.10625 0.015625 0.040625
0 0.53671875 0.15859375 0.0046875 0.0265625
0 0.26875 0.00703125 0.01875 0.0140625
0 0.815625 0.3671875 0.234375 0.1125
0 0.1171875 0.7 0.1015625 0.05
0 0.6625 0.7890625 0.190625 0.2328125