0 0.375 0.0203125 0.109375 0.040625
0 0.1296875 0.48515625 0.215625 0.0296875
0 0.4625 0.059375 0.065625 0.11875
0 0.85703125 0.321875 0.2859375 0.140625
0 0.0828125 0.6046875 0.1203125 0.190625
0 0.7125 0.5140625 0.134375 0.028125
0 0.7484375 0.9875 0.0296875 0.0078125
0 0.7484375 0.996875 0.028125 0.00625
0 0.746875 0.9734375 0.0296875 0.009375
0 0.7484375 0.9578125 0.0328125 0.0125
0 0.75 0.94375 0.028125 0.0109375
0 0.7484375 0.9296875 0.03125 0.009375
0 0.7515625 0.915625 0.0328125 0.0109375
0 0.7484375 0.9 0.0359375 0.0125
0 0.75 0.8859375 0.0296875 0.009375
0 0.75 0.871875 0.0296875 0.009375
0 0.75 0.8578125 0.0296875 0.0109375
0 0.7515625 0.84375 0.03125 0.0125
0 0.753125 0.8296875 0.03125 0.009375
0 0.7515625 0.815625 0.0359375 0.0109375
0 0.753125 0.8 0.0328125 0.0125
0 0.75 0.7828125 0.0328125 0.0140625
0 0.7078125 0.7984375 0.028125 0.009375
0 0.709375 0.8140625 0.0328125 0.0125
0 0.7109375 0.8296875 0.021875 0.009375
0 0.7078125 0.84375 0.0296875 0.0109375
0 0.709375 0.859375 0.0296875 0.0125
0 0.7109375 0.871875 0.0296875 0.009375
0 0.7078125 0.8859375 0.03125 0.0109375
0 0.7078125 0.9 0.0265625 0.0109375
0 0.7078125 0.9140625 0.0328125 0.0140625
0 0.7078125 0.928125 0.0296875 0.0109375
0 0.70625 0.94375 0.028125 0.0109375
0 0.7078125 0.95625 0.0296875 0.0109375
0 0.7078125 0.971875 0.028125 0.0125
0 0.7078125 0.9859375 0.025 0.009375
0 0.70234375 0.99609375 0.0328125 0.0078125
0 0.63125 0.94765625 0.028125 0.1046875
0 0.6078125 0.7921875 0.0140625 0.0078125
0 0.6359375 0.8421875 0.0296875 0.071875
0 0.603125 0.8328125 0.025 0.071875
0 0.603125 0.903125 0.0203125 0.059375
0 0.596875 0.96875 0.028125 0.0625
0 0.5265625 0.9109375 0.0375 0.1
0 0.48359375 0.99765625 0.0171875 0.0046875
0 0.475 0.915625 0.05 0.1578125
0 0.56875 0.6515625 0.05 0.01875
0 0.5703125 0.634375 0.053125 0.015625
0 0.49375 0.6625 0.0234375 0.0640625