0 0.95 0.3375 0.071875 0.184375
0 0.5546875 0.54921875 0.165625 0.0671875
0 0.64140625 0.45078125 0.2640625 0.0421875
0 0.89296875 0.5125 0.2140625 0.140625
0 0.4859375 0.7265625 0.0125 0.0140625
0 0.4796875 0.840625 0.00625 0.00625
0 0.4921875 0.8546875 0.021875 0.0203125
0 0.47734375 0.94765625 0.0109375 0.0203125
0 0.5578125 0.9875 0.0140625 0.0171875
0 0.6828125 0.95625 0.0171875 0.01875
0 0.609375 0.9515625 0.021875 0.01875
0 0.5296875 0.9453125 0.015625 0.015625
0 0.5296875 0.7046875 0.0203125 0.01875
0 0.53125 0.80625 0.0203125 0.015625
0 0.59375 0.7890625 0.015625 0.028125
0 0.6296875 0.753125 0.0140625 0.021875
0 0.609375 0.7234375 0.015625 0.0140625
0 0.675 0.71875 0.0140625 0.01875
0 0.8609375 0.671875 0.0140625 0.0140625
0 0.8109375 0.6796875 0.0125 0.0171875
0 0.784375 0.7109375 0.0140625 0.015625
0 0.7390625 0.709375 0.0078125 0.0171875
0 0.753125 0.753125 0.0171875 0.021875
0 0.8734375 0.7015625 0.015625 0.0140625
0 0.9171875 0.69375 0.0140625 0.01875
0 0.95625 0.6875 0.0140625 0.0171875
0 0.94375 0.7359375 0.009375 0.0171875
0 0.8984375 0.74375 0.009375 0.0171875
0 0.8125 0.765625 0.0125 0.01875
0 0.7703125 0.7828125 0.0125 0.0171875
0 0.725 0.80625 0.0125 0.01875
0 0.8734375 0.7921875 0.0140625 0.0171875
0 0.8375 0.809375 0.0171875 0.0125
0 0.7515625 0.834375 0.0140625 0.0171875
0 0.8625 0.8484375 0.0078125 0.01875
0 0.8203125 0.8609375 0.0140625 0.0171875
0 0.875 0.8859375 0.0125 0.0171875
0 0.7859375 0.8984375 0.01875 0.0203125
0 0.734375 0.9375 0.0171875 0.0171875
0 0.76328125 0.9953125 0.0171875 0.009375
0 0.9921875 0.940625 0.0140625 0.015625
0 0.9640625 0.86875 0.0140625 0.01875
0 0.9875 0.8203125 0.0140625 0.0171875
0 0.99609375 0.77109375 0.0078125 0.0171875
0 0.99375 0.73125 0.0109375 0.01875