0 0.41171875 0.1609375 0.0546875 0.090625
0 0.8640625 0.171875 0.0203125 0.0453125
0 0.89375 0.175 0.0265625 0.0609375
0 0.915625 0.1859375 0.0234375 0.0484375
0 0.9359375 0.1921875 0.025 0.0546875
0 0.9796875 0.209375 0.021875 0.0421875
0 0.99375 0.203125 0.0125 0.0625
0 0.903125 0.075 0.01875 0.0375
0 0.934375 0.078125 0.015625 0.028125
0 0.965625 0.0875 0.015625 0.0296875
0 0.98125 0.090625 0.0125 0.0265625
0 0.99609375 0.09375 0.0078125 0.028125
0 0.9703125 0.0453125 0.059375 0.028125
0 0.8953125 0.7734375 0.125 0.290625