0 0.0328125 0.0234375 0.065625 0.046875
0 0.3765625 0.1421875 0.359375 0.284375
0 0.46328125 0.39921875 0.0171875 0.0203125
0 0.61875 0.0984375 0.0125 0.021875
0 0.9125 0.1375 0.0125 0.01875
0 0.8671875 0.146875 0.015625 0.0109375
0 0.875 0.0921875 0.021875 0.015625
0 0.8828125 0.0140625 0.0171875 0.01875
0 0.6765625 0.078125 0.021875 0.0171875
0 0.7296875 0.0609375 0.0140625 0.0234375
0 0.68984375 0.0078125 0.0234375 0.015625
0 0.740625 0.0046875 0.0125 0.009375
0 0.8296875 0.0234375 0.015625 0.015625
0 0.8015625 0.096875 0.0140625 0.021875
0 0.790625 0.17109375 0.015625 0.0046875
0 0.4625 0.5375 0.0703125 0.1203125