0 0.13671875 0.3515625 0.0203125 0.015625
0 0.16640625 0.34921875 0.0265625 0.0203125
0 0.1765625 0.2703125 0.01875 0.0375
0 0.2078125 0.2734375 0.015625 0.028125
0 0.2390625 0.2828125 0.015625 0.0296875
0 0.2546875 0.2859375 0.0125 0.0265625
0 0.271875 0.2890625 0.0125 0.028125
0 0.2859375 0.2921875 0.0171875 0.03125
0 0.3640625 0.309375 0.0109375 0.028125
0 0.2515625 0.240625 0.075 0.028125
0 0.3109375 0.246875 0.0171875 0.0484375
0 0.328125 0.2546875 0.01875 0.04375
0 0.3546875 0.25625 0.0203125 0.053125
0 0.3765625 0.2609375 0.015625 0.0421875
0 0.3796875 0.3140625 0.0125 0.0328125
0 0.396875 0.3109375 0.0109375 0.028125
0 0.428125 0.3125 0.0125 0.028125
0 0.4015625 0.2578125 0.0171875 0.053125
0 0.4484375 0.2578125 0.015625 0.040625
0 0.459375 0.3109375 0.0125 0.0265625
0 0.4765625 0.3140625 0.0140625 0.0328125
0 0.4921875 0.3125 0.0140625 0.03125
0 0.5234375 0.303125 0.0109375 0.0203125
0 0.4703125 0.2546875 0.0203125 0.0515625
0 0.49375 0.253125 0.0265625 0.0578125
0 0.51875 0.2421875 0.021875 0.0578125
0 0.540625 0.246875 0.025 0.04375
0 0.5609375 0.24375 0.021875 0.046875
0 0.5546875 0.2984375 0.0125 0.0265625
0 0.5671875 0.296875 0.015625 0.028125
0 0.584375 0.29375 0.0140625 0.0296875
0 0.5984375 0.2890625 0.015625 0.028125
0 0.6125 0.2859375 0.01875 0.03125
0 0.628125 0.2765625 0.015625 0.025
0 0.58125 0.240625 0.0171875 0.0359375
0 0.6140625 0.2265625 0.03125 0.04375
0 0.6328125 0.2171875 0.028125 0.046875
0 0.6515625 0.209375 0.0265625 0.0390625
0 0.6578125 0.265625 0.01875 0.03125
0 0.671875 0.2609375 0.01875 0.0296875
0 0.684375 0.25 0.015625 0.021875
0 0.7109375 0.353125 0.015625 0.0125
0 0.66875 0.2046875 0.0265625 0.0421875
0 0.7 0.24375 0.01875 0.0265625
0 0.6859375 0.1921875 0.025 0.040625
0 0.7078125 0.1921875 0.015625 0.0109375
0 0.71015625 0.171875 0.0171875 0.028125
0 0.5625 0.096875 0.0171875 0.0296875
0 0.5765625 0.09375 0.015625 0.028125
0 0.5890625 0.0875 0.015625 0.0265625
0 0.60625 0.08125 0.0140625 0.028125
0 0.6171875 0.078125 0.015625 0.0265625
0 0.63125 0.071875 0.015625 0.028125
0 0.646875 0.0703125 0.015625 0.028125
0 0.6265625 0.04375 0.025 0.0125
0 0.603125 0.053125 0.0140625 0.009375
0 0.5625 0.0640625 0.028125 0.0125
0 0.5453125 0.103125 0.0203125 0.034375
0 0.5296875 0.115625 0.0171875 0.046875
0 0.509375 0.1140625 0.0171875 0.0484375
0 0.490625 0.115625 0.0171875 0.046875
0 0.46875 0.1171875 0.01875 0.05
0 0.48125 0.059375 0.015625 0.034375
0 0.4640625 0.0578125 0.015625 0.0390625
0 0.4453125 0.0578125 0.015625 0.0421875
0 0.428125 0.11875 0.01875 0.0546875
0 0.425 0.05625 0.01875 0.0484375
0 0.4078125 0.1203125 0.01875 0.0546875
0 0.384375 0.125 0.01875 0.053125
0 0.3625 0.125 0.01875 0.0578125
0 0.3421875 0.121875 0.01875 0.05
0 0.2953125 0.1265625 0.01875 0.0609375
0 0.2765625 0.125 0.01875 0.053125
0 0.253125 0.1265625 0.0171875 0.059375
0 0.2328125 0.1296875 0.01875 0.05625
0 0.20625 0.128125 0.01875 0.0546875
0 0.1875 0.1328125 0.01875 0.065625
0 0.4046875 0.0578125 0.0171875 0.0453125
0 0.384375 0.059375 0.0140625 0.040625
0 0.365625 0.0578125 0.0171875 0.053125
0 0.3453125 0.05625 0.0171875 0.05
0 0.325 0.059375 0.015625 0.04375
0 0.3046875 0.059375 0.0171875 0.0515625
0 0.2859375 0.0578125 0.015625 0.046875
0 0.2671875 0.059375 0.0171875 0.0484375
0 0.246875 0.0625 0.015625 0.046875
0 0.2265625 0.059375 0.015625 0.0484375
0 0.209375 0.065625 0.015625 0.0421875
0 0.184375 0.0640625 0.01875 0.04375
0 0.165625 0.13125 0.01875 0.0515625
0 0.140625 0.128125 0.01875 0.053125
0 0.1609375 0.05625 0.01875 0.05625
0 0.14609375 0.5125 0.2890625 0.30625