0 0.34921875 0.14609375 0.2421875 0.1265625
0 0.2171875 0.3953125 0.1953125 0.1375
0 0.3171875 0.9453125 0.0546875 0.0234375
0 0.384375 0.9484375 0.0265625 0.0125
0 0.3796875 0.9375 0.0390625 0.0140625
0 0.4265625 0.9375 0.0484375 0.0203125
0 0.425 0.9546875 0.0453125 0.015625
0 0.4921875 0.9390625 0.0609375 0.0171875
0 0.3171875 0.896875 0.0578125 0.0265625
0 0.4796875 0.759375 0.0734375 0.0171875
0 0.0546875 0.859375 0.0546875 0.0890625
0 0.01796875 0.98515625 0.0234375 0.0296875
0 0.0015625 0.9921875 0.003125 0.0125
0 0.87734375 0.84296875 0.2453125 0.3140625