0 0.0703125 0.2 0.140625 0.065625
0 0.0203125 0.909375 0.034375 0.0859375
0 0.490625 0.97109375 0.028125 0.0578125
0 0.4671875 0.8390625 0.0140625 0.0078125
0 0.4953125 0.8890625 0.0296875 0.071875
0 0.4625 0.8796875 0.025 0.071875
0 0.4625 0.95 0.0203125 0.059375
0 0.45625 0.9921875 0.028125 0.015625
0 0.3859375 0.95390625 0.0375 0.0921875
0 0.334375 0.94140625 0.05 0.1171875
0 0.2671875 0.884375 0.0265625 0.065625
0 0.2671875 0.975 0.034375 0.05
0 0.2296875 0.9828125 0.021875 0.0109375
0 0.2265625 0.96875 0.0359375 0.0125
0 0.225 0.95625 0.03125 0.0125
0 0.2265625 0.9421875 0.034375 0.0125
0 0.2265625 0.928125 0.03125 0.0109375
0 0.221875 0.9109375 0.040625 0.015625
0 0.225 0.896875 0.03125 0.0125
0 0.2265625 0.88125 0.034375 0.0109375
0 0.2265625 0.8640625 0.028125 0.0109375
0 0.23125 0.8421875 0.053125 0.0203125
0 0.1671875 0.8765625 0.0171875 0.04375
0 0.1625 0.953125 0.0125 0.0328125
0 0.134375 0.9421875 0.025 0.090625
0 0.1140625 0.984375 0.0109375 0.03125
0 0.103125 0.978125 0.015625 0.04375
0 0.08203125 0.98359375 0.0140625 0.0328125
0 0.0578125 0.94921875 0.03125 0.1015625
0 0.053125 0.8796875 0.0125 0.0296875
0 0.428125 0.6984375 0.05 0.01875
0 0.4296875 0.68125 0.053125 0.015625
0 0.353125 0.709375 0.0234375 0.0640625
0 0.1203125 0.7046875 0.025 0.10625
0 0.096875 0.7015625 0.0234375 0.078125
0 0.696875 0.8875 0.1015625 0.0640625
0 0.8125 0.7390625 0.1703125 0.1671875