0 0.0140625 0.11875 0.028125 0.215625
0 0.8171875 0.16875 0.0890625 0.0421875
0 0.3484375 0.7359375 0.028125 0.028125
0 0.3203125 0.73125 0.0046875 0.00625
0 0.3140625 0.734375 0.0109375 0.0375
0 0.33125 0.765625 0.0046875 0.0078125
0 0.303125 0.76640625 0.05 0.0078125
0 0.2734375 0.7375 0.0109375 0.028125
0 0.234375 0.7515625 0.00625 0.00625
0 0.23203125 0.7671875 0.0390625 0.00625
0 0.21875 0.7359375 0.0109375 0.034375
0 0.065625 0.7609375 0.015625 0.00625
0 0.0875 0.7609375 0.015625 0.00625
0 0.0859375 0.753125 0.0140625 0.00625
0 0.0875 0.7375 0.015625 0.00625
0 0.065625 0.7296875 0.015625 0.00625
0 0.0859375 0.7046875 0.015625 0.0046875
0 0.0875 0.6890625 0.015625 0.00625
0 0.09375 0.6796875 0.025 0.0078125
0 0.065625 0.6796875 0.0140625 0.00625
0 0.0953125 0.665625 0.03125 0.0109375
0 0.096875 0.6421875 0.0328125 0.009375
0 0.1875 0.6890625 0.0375 0.009375
0 0.21875 0.65625 0.009375 0.05
0 0.3796875 0.7 0.0328125 0.0328125
0 0.1890625 0.634375 0.03125 0.009375
0 0.0546875 0.6171875 0.03125 0.0109375
0 0.05625 0.5671875 0.03125 0.009375
0 0.25 0.6109375 0.053125 0.015625
0 0.3515625 0.634375 0.0359375 0.0125
0 0.0953125 0.53125 0.03125 0.0109375
0 0.0578125 0.51875 0.0265625 0.009375
0 0.05625 0.49375 0.034375 0.0109375
0 0.0984375 0.49375 0.0328125 0.009375
0 0.1953125 0.521875 0.0203125 0.0078125
0 0.196875 0.5109375 0.0171875 0.00625
0 0.2203125 0.5140625 0.0140625 0.0453125
0 0.265625 0.5 0.009375 0.021875
0 0.2765625 0.4984375 0.0078125 0.01875
0 0.2859375 0.5 0.0078125 0.0234375
0 0.3265625 0.4984375 0.0078125 0.0203125
0 0.2984375 0.4796875 0.0234375 0.0078125
0 0.2390625 0.4765625 0.021875 0.0140625
0 0.1859375 0.4953125 0.0375 0.0140625
0 0.15 0.4796875 0.0234375 0.00625
0 0.1484375 0.4734375 0.021875 0.0078125
0 0.1265625 0.4765625 0.0078125 0.015625
0 0.096875 0.475 0.00625 0.015625
0 0.0890625 0.475 0.00625 0.015625
0 0.08125 0.4734375 0.00625 0.0171875
0 0.071875 0.475 0.00625 0.0140625
0 0.059375 0.4703125 0.0046875 0.0109375
0 0.053125 0.475 0.00625 0.0203125
0 0.0375 0.4734375 0.00625 0.01875
0 0.028125 0.475 0.00625 0.015625
0 0.0125 0.475 0.00625 0.015625
0 0.7234375 0.51875 0.2796875 0.084375