0 0.1234375 0.30625 0.15625 0.1125
0 0.1828125 0.3734375 0.1625 0.1296875
0 0.3796875 0.278125 0.009375 0.0140625
0 0.596875 0.5046875 0.00625 0.009375
0 0.084375 0.7703125 0.0203125 0.0453125
0 0.1140625 0.7734375 0.0265625 0.0609375
0 0.1359375 0.784375 0.0234375 0.0484375
0 0.15625 0.790625 0.025 0.0546875
0 0.2 0.8078125 0.021875 0.0421875
0 0.221875 0.8015625 0.0265625 0.0625
0 0.246875 0.81875 0.0171875 0.040625
0 0.26875 0.8140625 0.0265625 0.0609375
0 0.290625 0.8296875 0.015625 0.046875
0 0.3078125 0.8296875 0.0140625 0.0359375
0 0.1234375 0.6734375 0.01875 0.0375
0 0.1546875 0.6765625 0.015625 0.028125
0 0.1859375 0.6859375 0.015625 0.0296875
0 0.2015625 0.6890625 0.0125 0.0265625
0 0.21875 0.6921875 0.0125 0.028125
0 0.2328125 0.6953125 0.0171875 0.03125
0 0.3109375 0.7125 0.0109375 0.028125
0 0.1984375 0.6484375 0.075 0.01875
0 0.25703125 0.65625 0.0171875 0.034375
0 0.275 0.659375 0.01875 0.040625
0 0.30078125 0.6625 0.0203125 0.046875
0 0.3234375 0.6640625 0.015625 0.0421875
0 0.3265625 0.7171875 0.0125 0.0328125
0 0.34375 0.7140625 0.0109375 0.028125
0 0.3375 0.83125 0.015625 0.040625
0 0.35625 0.8328125 0.01875 0.0515625
0 0.38125 0.83125 0.0140625 0.040625
0 0.4015625 0.8203125 0.0171875 0.0640625
0 0.4265625 0.828125 0.015625 0.04375
0 0.446875 0.83125 0.015625 0.0375
0 0.46875 0.8140625 0.0234375 0.0640625
0 0.4921875 0.821875 0.0203125 0.0421875
0 0.375 0.715625 0.0125 0.028125
0 0.34765625 0.66328125 0.0171875 0.0484375
0 0.3953125 0.6609375 0.015625 0.040625
0 0.40625 0.7140625 0.0125 0.0265625
0 0.4234375 0.7171875 0.0140625 0.0328125
0 0.4390625 0.715625 0.0140625 0.03125
0 0.4703125 0.70625 0.0109375 0.0203125
0 0.41640625 0.6609375 0.0203125 0.04375
0 0.43984375 0.66171875 0.0265625 0.0453125
0 0.465625 0.65625 0.021875 0.034375
0 0.4875 0.65546875 0.025 0.0328125
0 0.5078125 0.6546875 0.021875 0.03125
0 0.51875 0.8171875 0.0171875 0.0390625
0 0.5015625 0.7015625 0.0125 0.0265625
0 0.5140625 0.7 0.015625 0.028125
0 0.53125 0.696875 0.0140625 0.0296875
0 0.5578125 0.8 0.0265625 0.059375
0 0.578125 0.8015625 0.01875 0.0375
0 0.603125 0.7921875 0.01875 0.034375
0 0.61484375 0.7890625 0.0078125 0.046875
0 0.5453125 0.6921875 0.015625 0.028125
0 0.559375 0.6890625 0.01875 0.03125
0 0.575 0.6796875 0.015625 0.025
0 0.52734375 0.65 0.0171875 0.021875
0 0.5609375 0.6453125 0.03125 0.0125
0 0.6046875 0.66875 0.01875 0.03125
0 0.6140625 0.66328125 0.009375 0.0296875
0 0.3171875 0.92578125 0.0875 0.0890625