0 0.14296875 0.04765625 0.0484375 0.0953125
0 0.1015625 0.3765625 0.015625 0.009375
0 0.0375 0.371875 0.0078125 0.0078125
0 0.3515625 0.65 0.0046875 0.0109375
0 0.98125 0.528125 0.0109375 0.0265625
0 0.871875 0.7046875 0.00625 0.003125
0 0.878125 0.64375 0.00625 0.021875
0 0.95 0.7203125 0.0109375 0.0203125
0 0.903125 0.721875 0.0125 0.01875
0 0.8421875 0.6953125 0.009375 0.01875
0 0.83125 0.7359375 0.0046875 0.0125
0 0.784375 0.421875 0.0046875 0.0046875
0 0.8390625 0.440625 0.00625 0.0046875
0 0.834375 0.5359375 0.0046875 0.003125
0 0.8421875 0.459375 0.0109375 0.0359375
0 0.7875 0.60625 0.0109375 0.021875
0 0.8265625 0.55625 0.01875 0.034375
0 0.7625 0.5578125 0.0125 0.025
0 0.7859375 0.434375 0.009375 0.021875
0 0.5453125 0.64375 0.003125 0.0078125
0 0.5265625 0.56875 0.0046875 0.00625
0 0.52265625 0.5484375 0.0078125 0.040625
0 0.53125 0.63984375 0.025 0.0109375
0 0.728125 0.74765625 0.009375 0.0046875
0 0.59296875 0.965625 0.1078125 0.06875