0 0.34375 0.234375 0.1953125 0.1375
0 0.44375 0.784375 0.0546875 0.0234375
0 0.5109375 0.7875 0.0265625 0.0125
0 0.50625 0.7765625 0.0390625 0.0140625
0 0.553125 0.7765625 0.0484375 0.0203125
0 0.5515625 0.79375 0.0453125 0.015625
0 0.61875 0.778125 0.0609375 0.0171875
0 0.71875 0.7796875 0.1109375 0.0328125
0 0.7390625 0.8890625 0.05625 0.021875
0 0.44375 0.7359375 0.0578125 0.0265625
0 0.60625 0.5984375 0.0734375 0.0171875
0 0.18125 0.6984375 0.0546875 0.0890625
0 0.103125 0.8234375 0.0171875 0.0296875
0 0.1453125 0.825 0.0234375 0.03125
0 0.15625 0.846875 0.021875 0.009375
0 0.125 0.83125 0.0109375 0.0125