0 0.2578125 0.028125 0.125 0.05625
0 0.4609375 0.409375 0.0546875 0.0703125
0 0.99296875 0.12578125 0.0140625 0.0453125
0 0.9625 0.3453125 0.0234375 0.0203125
0 0.953125 0.3328125 0.0375 0.034375
0 0.94375 0.31875 0.034375 0.0328125
0 0.928125 0.3125 0.0265625 0.028125
0 0.9078125 0.29375 0.025 0.025
0 0.884375 0.2671875 0.0328125 0.0296875
0 0.8734375 0.25625 0.025 0.0234375
0 0.859375 0.2359375 0.025 0.025
0 0.85625 0.2875 0.015625 0.0140625
0 0.86875 0.3015625 0.01875 0.01875
0 0.8953125 0.33125 0.0109375 0.0125
0 0.83046875 0.3546875 0.0078125 0.00625
0 0.83671875 0.35546875 0.0203125 0.0046875
0 0.8234375 0.346875 0.0203125 0.01875
0 0.8015625 0.3234375 0.01875 0.0171875
0 0.7875 0.30625 0.01875 0.0171875
0 0.775 0.2890625 0.021875 0.0203125
0 0.7609375 0.275 0.021875 0.0203125
0 0.7546875 0.2625 0.025 0.0234375
0 0.740625 0.253125 0.028125 0.028125
0 0.75625 0.2390625 0.0109375 0.0109375
0 0.6515625 0.29375 0.003125 0.009375
0 0.675 0.3015625 0.0453125 0.071875
0 0.759375 0.3375 0.096875 0.040625
0 0.11875 0.5390625 0.090625 0.11875
0 0.9796875 0.6421875 0.00625 0.00625
0 0.9609375 0.6203125 0.00625 0.00625
0 0.9578125 0.5484375 0.00625 0.00625
0 0.94375 0.4953125 0.0078125 0.00625
0 0.96796875 0.890625 0.0640625 0.05625
0 0.9109375 0.69375 0.1671875 0.0453125