0 0.7859375 0.3125 0.09375 0.1125
0 0.01875 0.628125 0.0265625 0.015625
0 0.0421875 0.5703125 0.028125 0.021875
0 0.1515625 0.5546875 0.028125 0.0171875
0 0.1125 0.73125 0.025 0.021875
0 0.046875 0.721875 0.034375 0.021875
0 0.075 0.7734375 0.025 0.0203125
0 0.0140625 0.884375 0.028125 0.021875
0 0.096875 0.8796875 0.01875 0.025
0 0.0140625 0.98125 0.009375 0.0265625
0 0.0578125 0.91875 0.0171875 0.025
0 0.109375 0.9640625 0.015625 0.034375
0 0.15625 0.99765625 0.009375 0.0046875
0 0.1390625 0.903125 0.0109375 0.0265625
0 0.1796875 0.9359375 0.009375 0.021875
0 0.1796875 0.76875 0.01875 0.0296875
0 0.20625 0.7203125 0.025 0.015625
0 0.28125 0.8109375 0.0203125 0.01875
0 0.225 0.8984375 0.009375 0.021875
0 0.2890625 0.878125 0.0203125 0.0171875
0 0.3984375 0.74375 0.021875 0.0125
0 0.1984375 0.984375 0.009375 0.0203125
0 0.2421875 0.98125 0.009375 0.021875
0 0.284375 0.9609375 0.009375 0.021875
0 0.475 0.8125 0.078125 0.21875