0 0.465625 0.096875 0.075 0.1265625
0 0.99609375 0.29609375 0.0078125 0.0265625
0 0.896875 0.390625 0.021875 0.025
0 0.90625 0.325 0.021875 0.034375
0 0.8546875 0.353125 0.0203125 0.025
0 0.74375 0.2921875 0.021875 0.028125
0 0.7484375 0.375 0.025 0.01875
0 0.646875 0.2921875 0.0265625 0.009375
0 0.709375 0.3359375 0.025 0.0171875
0 0.6 0.35625 0.0265625 0.03125
0 0.6640625 0.3875 0.034375 0.015625
0 0.621875 0.434375 0.021875 0.009375
0 0.58046875 0.43828125 0.0171875 0.0015625
0 0.725 0.4171875 0.0265625 0.0109375
0 0.215625 0.95546875 0.1 0.0890625