0 0.03359375 0.32890625 0.0671875 0.1828125
0 0.846875 0.325 0.0859375 0.0578125
0 0.49375 0.81328125 0.1 0.3734375
0 0.8546875 0.5734375 0.00625 0.00625
0 0.8671875 0.5875 0.021875 0.0203125
0 0.85 0.68125 0.015625 0.0203125
0 0.9671875 0.8984375 0.0171875 0.015625
0 0.984375 0.9578125 0.0234375 0.0203125
0 0.925 0.8390625 0.0203125 0.0203125
0 0.89375 0.775 0.025 0.028125
0 0.9328125 0.7203125 0.0140625 0.0171875
0 0.9625 0.7625 0.015625 0.0171875
0 0.984375 0.684375 0.021875 0.01875
0 0.9046875 0.678125 0.015625 0.015625
0 0.90625 0.5390625 0.0203125 0.015625
0 0.96875 0.521875 0.015625 0.028125