0 0.53125 0.475 0.04375 0.05
0 0.15625 0.94453125 0.240625 0.1109375
0 0.4234375 0.88203125 0.028125 0.0203125
0 0.42890625 0.85234375 0.0390625 0.0265625
0 0.43125 0.83046875 0.04375 0.0234375
0 0.4359375 0.8109375 0.053125 0.025
0 0.453125 0.7671875 0.0421875 0.021875
0 0.446875 0.7453125 0.0625 0.0265625
0 0.4640625 0.7203125 0.040625 0.0171875
0 0.459375 0.6984375 0.0609375 0.0265625
0 0.475 0.6765625 0.046875 0.015625
0 0.475 0.659375 0.0359375 0.0140625
0 0.4765625 0.6296875 0.040625 0.015625
0 0.478125 0.6109375 0.0515625 0.01875
0 0.4765625 0.5859375 0.040625 0.0140625
0 0.465625 0.565625 0.0640625 0.0171875
0 0.4734375 0.540625 0.04375 0.015625
0 0.4765625 0.5203125 0.0375 0.015625
0 0.45859375 0.5046875 0.0640625 0.009375
0 0.92890625 0.93046875 0.1421875 0.1390625