0 0.4578125 0.5328125 0.0421875 0.021875
0 0.4515625 0.5109375 0.0625 0.0265625
0 0.46875 0.4859375 0.040625 0.0171875
0 0.4640625 0.4640625 0.0609375 0.0265625
0 0.4796875 0.4421875 0.046875 0.015625
0 0.4796875 0.425 0.0359375 0.0140625
0 0.3359375 0.546875 0.0296875 0.015625
0 0.3390625 0.53125 0.0265625 0.0125
0 0.3421875 0.5140625 0.028125 0.0125
0 0.3453125 0.5 0.03125 0.0171875
0 0.3625 0.421875 0.028125 0.0109375
0 0.29375 0.5328125 0.028125 0.071875
0 0.3 0.475 0.0484375 0.0171875
0 0.3078125 0.4578125 0.04375 0.01875
0 0.309375 0.43125 0.053125 0.0203125
0 0.3140625 0.409375 0.0421875 0.015625
0 0.3671875 0.40625 0.0328125 0.0125
0 0.3640625 0.3890625 0.028125 0.0109375
0 0.48125 0.3953125 0.040625 0.015625
0 0.4828125 0.3765625 0.0515625 0.01875
0 0.48125 0.3515625 0.040625 0.0140625
0 0.4703125 0.33125 0.0640625 0.0171875
0 0.478125 0.30625 0.04375 0.015625
0 0.48125 0.2859375 0.0375 0.015625
0 0.4640625 0.2640625 0.0640625 0.0234375
0 0.471875 0.240625 0.0421875 0.0203125
0 0.365625 0.3578125 0.028125 0.0125
0 0.3109375 0.384375 0.053125 0.0171875
0 0.3109375 0.3375 0.040625 0.015625
0 0.3640625 0.3265625 0.0265625 0.0125
0 0.3671875 0.309375 0.0328125 0.0140625
0 0.365625 0.29375 0.03125 0.0140625
0 0.35625 0.2625 0.0203125 0.0109375
0 0.3078125 0.315625 0.0515625 0.0203125
0 0.30625 0.2921875 0.0578125 0.0265625
0 0.2953125 0.2671875 0.0578125 0.021875
0 0.3 0.2453125 0.04375 0.025
0 0.296875 0.225 0.046875 0.021875
0 0.4671875 0.2140625 0.0390625 0.0171875
0 0.3515625 0.23125 0.0265625 0.0125
0 0.35 0.21875 0.028125 0.015625
0 0.346875 0.2015625 0.0296875 0.0140625
0 0.45 0.175 0.059375 0.0265625
0 0.4515625 0.1546875 0.0375 0.01875
0 0.4421875 0.1296875 0.034375 0.01875
0 0.4390625 0.1078125 0.046875 0.0265625
0 0.3421875 0.1875 0.028125 0.015625
0 0.3390625 0.1734375 0.03125 0.01875
0 0.3296875 0.1578125 0.025 0.015625
0 0.29375 0.2046875 0.0359375 0.0171875
0 0.2796875 0.171875 0.04375 0.03125
0 0.2703125 0.153125 0.046875 0.028125
0 0.2625 0.134375 0.0390625 0.0265625
0 0.31875 0.128125 0.03125 0.01875
0 0.3140625 0.1140625 0.0296875 0.01875
0 0.303125 0.1015625 0.021875 0.015625
0 0.4265625 0.08125 0.040625 0.0203125
0 0.4171875 0.0703125 0.0328125 0.0234375
0 0.4 0.046875 0.04375 0.0265625
0 0.3984375 0.0265625 0.04375 0.0296875
0 0.38125 0.009375 0.040625 0.01875
0 0.2578125 0.1171875 0.0421875 0.0265625
0 0.296875 0.0859375 0.0265625 0.01875
0 0.2453125 0.1 0.040625 0.025
0 0.2828125 0.0578125 0.025 0.0203125
0 0.2671875 0.0296875 0.028125 0.0234375
0 0.2453125 0.078125 0.0109375 0.015625
0 0.225 0.06875 0.028125 0.0296875
0 0.2171875 0.05 0.0296875 0.0265625
0 0.15 0.2234375 0.0296875 0.0171875
0 0.146875 0.209375 0.028125 0.015625
0 0.140625 0.196875 0.0265625 0.015625
0 0.134375 0.1796875 0.028125 0.0140625
0 0.13125 0.16875 0.0265625 0.015625
0 0.125 0.1546875 0.028125 0.015625
0 0.1234375 0.1390625 0.028125 0.015625
0 0.096875 0.159375 0.0125 0.025
0 0.10625 0.1828125 0.009375 0.0140625
0 0.1171875 0.2234375 0.0125 0.028125
0 0.15625 0.240625 0.034375 0.0203125
0 0.16875 0.25625 0.046875 0.0171875
0 0.1671875 0.2765625 0.0484375 0.0171875
0 0.16875 0.2953125 0.046875 0.0171875
0 0.1703125 0.3171875 0.05 0.01875
0 0.1125 0.3046875 0.034375 0.015625
0 0.1109375 0.321875 0.0390625 0.015625
0 0.1109375 0.340625 0.0421875 0.015625
0 0.171875 0.3578125 0.0546875 0.01875
0 0.109375 0.3609375 0.0484375 0.01875
0 0.1734375 0.378125 0.0546875 0.01875
0 0.178125 0.4015625 0.053125 0.01875
0 0.178125 0.4234375 0.0578125 0.01875
0 0.175 0.44375 0.05 0.01875
0 0.1796875 0.490625 0.0609375 0.01875
0 0.178125 0.509375 0.053125 0.01875
0 0.1796875 0.5328125 0.059375 0.0171875
0 0.1828125 0.553125 0.05625 0.01875
0 0.1109375 0.38125 0.0453125 0.0171875
0 0.1125 0.4015625 0.040625 0.0140625
0 0.1109375 0.4203125 0.053125 0.0171875
0 0.109375 0.440625 0.05 0.0171875
0 0.1125 0.4609375 0.04375 0.015625
0 0.1125 0.48125 0.0515625 0.0171875
0 0.1109375 0.5 0.046875 0.015625
0 0.1125 0.51875 0.0484375 0.0171875
0 0.115625 0.5390625 0.046875 0.015625
0 0.1125 0.559375 0.0484375 0.015625
0 0.6890625 0.4484375 0.2 0.115625
0 0.1296875 0.63359375 0.075 0.1296875
0 0.65234375 0.61796875 0.1265625 0.0984375