0 0.6203125 0.15859375 0.059375 0.0359375
0 0.4625 0.309375 0.375 0.11875
0 0.98125 0.00234375 0.0125 0.0046875
0 0.9125 0.00390625 0.01875 0.0078125
0 0.9375 0.0453125 0.025 0.0171875
0 0.8859375 0.065625 0.0203125 0.0171875
0 0.975 0.1125 0.00625 0.00625
0 0.9875 0.1265625 0.021875 0.0203125
0 0.9359375 0.16875 0.021875 0.0125
0 0.8859375 0.2203125 0.021875 0.025
0 0.9703125 0.2203125 0.015625 0.0203125
0 0.93125 0.2796875 0.015625 0.015625
0 0.87890625 0.465625 0.0078125 0.021875
0 0.62109375 0.67890625 0.0578125 0.1296875