0 0.15 0.13203125 0.2375 0.1421875
0 0.4296875 0.14375 0.0890625 0.0421875
0 0.98203125 0.08671875 0.0359375 0.0984375
0 0.29375 0.4375 0.05 0.040625
0 0.059375 0.690625 0.078125 0.0859375
0 0.3078125 0.5203125 0.03125 0.0203125
0 0.2953125 0.5640625 0.03125 0.015625
0 0.27109375 0.55703125 0.0046875 0.0140625
0 0.27578125 0.65859375 0.0140625 0.0140625
0 0.409375 0.61875 0.0296875 0.0125
0 0.3703125 0.6171875 0.0203125 0.0125
0 0.3703125 0.63125 0.01875 0.0109375
0 0.3984375 0.6703125 0.028125 0.0140625
0 0.3578125 0.675 0.0296875 0.0140625
0 0.35 0.703125 0.03125 0.0140625
0 0.421875 0.53828125 0.00625 0.0140625
0 0.6109375 0.6109375 0.1015625 0.184375