0 0.1046875 0.065625 0.209375 0.13125
0 0.315625 0.49140625 0.03125 0.0171875
0 0.3296875 0.521875 0.0203125 0.0109375
0 0.3296875 0.53125 0.028125 0.0140625
0 0.3515625 0.5015625 0.0203125 0.0109375
0 0.3546875 0.5109375 0.021875 0.0109375
0 0.359375 0.53125 0.01875 0.015625
0 0.3328125 0.54375 0.0296875 0.0171875
0 0.3546875 0.60390625 0.028125 0.0234375
0 0.3578125 0.61953125 0.021875 0.0171875
0 0.36171875 0.63203125 0.0140625 0.0140625
0 0.59140625 0.4703125 0.0484375 0.240625
0 0.828125 0.4421875 0.00625 0.009375
0 0.85078125 0.81953125 0.2984375 0.1265625