0 0.0640625 0.12109375 0.128125 0.1203125
0 0.8421875 0.371875 0.109375 0.109375
0 0.5328125 0.515625 0.0265625 0.0109375
0 0.4265625 0.7125 0.0046875 0.0046875
0 0.4453125 0.6578125 0.0046875 0.00625
0 0.540625 0.6625 0.003125 0.0046875
0 0.4640625 0.6546875 0.0359375 0.0109375
0 0.5609375 0.6703125 0.034375 0.01875
0 0.5625 0.734375 0.025 0.0125
0 0.4390625 0.7109375 0.021875 0.009375
0 0.5734375 0.9703125 0.00625 0.0046875
0 0.553125 0.978125 0.040625 0.015625
0 0.703125 0.584375 0.246875 0.190625
0 0.8859375 0.7609375 0.11875 0.159375