0 0.7234375 0.453125 0.028125 0.0109375
0 0.7234375 0.4421875 0.0234375 0.0140625
0 0.7265625 0.428125 0.021875 0.0125
0 0.7296875 0.41875 0.0140625 0.009375
0 0.6921875 0.440625 0.015625 0.0078125
0 0.69921875 0.4015625 0.0296875 0.015625
0 0.5921875 0.39765625 0.028125 0.0078125
0 0.5734375 0.415625 0.015625 0.0109375
0 0.56875 0.4328125 0.025 0.0171875
0 0.5703125 0.45 0.0171875 0.0109375
0 0.55625 0.43828125 0.0125 0.0109375
0 0.35 0.659375 0.1546875 0.0921875
0 0.96484375 0.68046875 0.0703125 0.1734375