0 0.2296875 0.2609375 0.0859375 0.034375
0 0.2046875 0.0140625 0.065625 0.0265625
0 0.315625 0.015625 0.090625 0.03125
0 0.3578125 0.0546875 0.0109375 0.025
0 0.34375 0.05 0.009375 0.0234375
0 0.303125 0.0515625 0.0109375 0.021875
0 0.2890625 0.0546875 0.0125 0.0359375
0 0.2765625 0.05625 0.0125 0.03125
0 0.2625 0.0546875 0.0125 0.034375
0 0.2484375 0.0546875 0.0109375 0.03125
0 0.23125 0.059375 0.015625 0.040625
0 0.2171875 0.05625 0.0125 0.03125
0 0.2015625 0.0546875 0.0109375 0.034375
0 0.184375 0.0546875 0.0109375 0.028125
0 0.1625 0.05 0.0203125 0.053125
0 0.196875 0.1140625 0.04375 0.0171875
0 0.2734375 0.11875 0.0328125 0.0125
0 0.2625 0.146875 0.090625 0.025
0 0.3046875 0.1671875 0.03125 0.0109375
0 0.3 0.178125 0.0453125 0.015625
0 0.30625 0.1984375 0.0375 0.0140625
0 0.275 0.2234375 0.1125 0.03125
0 0.2 0.228125 0.0296875 0.0125
0 0.325 0.29375 0.025 0.090625
0 0.35234375 0.28203125 0.0328125 0.1140625
0 0.0390625 0.1609375 0.078125 0.025
0 0.03046875 0.18359375 0.0609375 0.0234375
0 0.64453125 0.08515625 0.1109375 0.0765625
0 0.815625 0.18125 0.1109375 0.05625
0 0.43984375 0.95234375 0.1546875 0.0953125
0 0.6203125 0.50546875 0.121875 0.1828125
0 0.94296875 0.34609375 0.0765625 0.0140625