0 0.10078125 0.31953125 0.1328125 0.0984375
0 0.50546875 0.3640625 0.0890625 0.071875
0 0.803125 0.0984375 0.140625 0.19375
0 0.246875 0.609375 0.0734375 0.178125
0 0.0171875 0.615625 0.034375 0.215625
0 0.90078125 0.61328125 0.0515625 0.1296875
0 0.73828125 0.9046875 0.3765625 0.15625
0 0.96875 0.915625 0.00625 0.0125
0 0.9859375 0.915625 0.00625 0.0140625
0 0.9296875 0.83125 0.00625 0.009375
0 0.975 0.83203125 0.009375 0.0109375
0 0.99765625 0.8328125 0.0046875 0.0125
0 0.984375 0.934375 0.0078125 0.0171875
0 0.959375 0.9375 0.009375 0.0171875
0 0.93125 0.940625 0.009375 0.0234375