0 0.60859375 0.3390625 0.0078125 0.028125
0 0.578125 0.39375 0.0140625 0.0171875
0 0.5484375 0.3515625 0.015625 0.0171875
0 0.4671875 0.3171875 0.015625 0.009375
0 0.49375 0.359375 0.0234375 0.0234375
0 0.425 0.359375 0.01875 0.0140625
0 0.453125 0.425 0.0171875 0.01875
0 0.5265625 0.4296875 0.021875 0.01875
0 0.60546875 0.4359375 0.0140625 0.015625
0 0.35 0.47578125 0.01875 0.0078125
0 0.4015625 0.44375 0.0171875 0.0171875
0 0.371875 0.3828125 0.0171875 0.0140625
0 0.2421875 0.3609375 0.0125 0.01875
0 0.196875 0.3703125 0.015625 0.0109375
0 0.2046875 0.31796875 0.021875 0.0109375
0 0.13046875 0.321875 0.0140625 0.01875
0 0.1203125 0.4015625 0.015625 0.01875
0 0.0484375 0.4578125 0.0125 0.0171875
0 0.0859375 0.4484375 0.0140625 0.0203125
0 0.14375 0.440625 0.0140625 0.015625
0 0.0828125 0.93046875 0.165625 0.1390625
0 0.44375 0.94453125 0.309375 0.1109375