0 0.9609375 0.259375 0.078125 0.21875
0 0.29375 0.7296875 0.015625 0.0265625
0 0.3515625 0.753125 0.021875 0.028125
0 0.3671875 0.8625 0.0171875 0.028125
0 0.190625 0.8234375 0.021875 0.025
0 0.2 0.7578125 0.021875 0.034375
0 0.1484375 0.7859375 0.0203125 0.025
0 0.1390625 0.575 0.01875 0.0234375
0 0.04375 0.6109375 0.015625 0.0296875
0 0.0375 0.725 0.021875 0.028125
0 0.0421875 0.8078125 0.025 0.01875
0 0.00703125 0.6765625 0.0140625 0.028125
0 0.0078125 0.76796875 0.015625 0.0171875
0 0.01875 0.85 0.0265625 0.0109375
0 0.153125 0.890625 0.0296875 0.01875
0 0.2015625 0.9171875 0.015625 0.025
0 0.1109375 0.990625 0.01875 0.01875
0 0.0234375 0.9359375 0.021875 0.009375
0 0.04296875 0.99453125 0.0171875 0.0109375
0 0.8609375 0.69375 0.2453125 0.4265625