0 0.1484375 0.17890625 0.2125 0.2796875
0 0.47578125 0.0703125 0.1265625 0.10625
0 0.6390625 0.390625 0.034375 0.0859375
0 0.99296875 0.4390625 0.0140625 0.1
0 0.9625 0.5296875 0.0171875 0.0109375
0 0.953125 0.44375 0.05 0.1578125
0 0.8859375 0.365625 0.0265625 0.065625
0 0.8859375 0.4765625 0.034375 0.090625
0 0.8453125 0.51875 0.025 0.0109375
0 0.85 0.5046875 0.0234375 0.009375
0 0.8484375 0.4640625 0.021875 0.0109375
0 0.8453125 0.45 0.0359375 0.0125
0 0.84375 0.4375 0.03125 0.0125
0 0.8453125 0.4234375 0.034375 0.0125
0 0.8453125 0.409375 0.03125 0.0109375
0 0.840625 0.3921875 0.040625 0.015625
0 0.84375 0.378125 0.03125 0.0125
0 0.8453125 0.3625 0.034375 0.0109375
0 0.8453125 0.3453125 0.028125 0.0109375
0 0.85 0.3234375 0.053125 0.0203125
0 0.7859375 0.3578125 0.0171875 0.04375
0 0.78125 0.434375 0.0125 0.0328125
0 0.753125 0.4234375 0.025 0.090625
0 0.7328125 0.465625 0.0109375 0.03125
0 0.721875 0.4609375 0.015625 0.0453125
0 0.7015625 0.4671875 0.0140625 0.0375
0 0.6765625 0.4359375 0.03125 0.1125
0 0.671875 0.3609375 0.0125 0.0296875
0 0.5953125 0.4859375 0.1125 0.025
0 0.6078125 0.5140625 0.134375 0.0328125
0 0.971875 0.190625 0.0234375 0.0640625
0 0.7390625 0.1859375 0.025 0.10625
0 0.715625 0.1828125 0.0234375 0.078125
0 0.625 0.9859375 0.009375 0.003125
0 0.553125 0.8203125 0.00625 0.0078125