0 0.384375 0.225 0.440625 0.1234375
0 0.715625 0.3203125 0.0140625 0.028125
0 0.77890625 0.39140625 0.0171875 0.0296875
0 0.6421875 0.75 0.0203125 0.009375
0 0.6296875 0.675 0.0265625 0.009375
0 0.6375 0.5921875 0.0328125 0.0109375
0 0.6953125 0.553125 0.009375 0.009375
0 0.5453125 0.5390625 0.0265625 0.009375
0 0.625 0.484375 0.0390625 0.0140625
0 0.528125 0.475 0.034375 0.0140625
0 0.0421875 0.440625 0.0203125 0.00625
0 0.9125 0.734375 0.0296875 0.0390625
0 0.8546875 0.6078125 0.0265625 0.034375
0 0.9421875 0.5265625 0.0390625 0.0421875
0 0.8390625 0.4875 0.025 0.0265625