0 0.02421875 0.265625 0.0484375 0.03125
0 0.00703125 0.01953125 0.0140625 0.0265625
0 0.0921875 0.0203125 0.090625 0.034375
0 0.134375 0.0609375 0.0109375 0.025
0 0.1203125 0.05625 0.009375 0.0234375
0 0.0796875 0.0578125 0.0109375 0.021875
0 0.065625 0.0609375 0.0125 0.0359375
0 0.053125 0.0625 0.0125 0.03125
0 0.0390625 0.0609375 0.0125 0.034375
0 0.025 0.0609375 0.0109375 0.03125
0 0.0078125 0.065625 0.015625 0.040625
0 0.05 0.125 0.0328125 0.0125
0 0.0421875 0.153125 0.084375 0.025
0 0.08125 0.1734375 0.03125 0.0109375
0 0.0765625 0.184375 0.0453125 0.015625
0 0.0828125 0.2046875 0.0375 0.0140625
0 0.05390625 0.2296875 0.1078125 0.03125
0 0.1015625 0.26796875 0.025 0.0265625
0 0.12890625 0.25625 0.0328125 0.05
0 0.76953125 0.01640625 0.2296875 0.0328125
0 0.42890625 0.92265625 0.1234375 0.0546875
0 0.93515625 0.521875 0.1296875 0.128125