0 0.23984375 0.01484375 0.1265625 0.0296875
0 0.6640625 0.215625 0.096875 0.1921875
0 0.4765625 0.5796875 0.021875 0.0375
0 0.125 0.615625 0.0265625 0.034375
0 0.3015625 0.65 0.315625 0.090625
0 0.03828125 0.71796875 0.0765625 0.0640625
0 0.6859375 0.6625 0.0234375 0.0546875
0 0.6828125 0.7296875 0.0125 0.0265625
0 0.69375 0.725 0.0140625 0.0390625
0 0.734375 0.6625 0.0265625 0.0578125
0 0.771875 0.4 0.0890625 0.0546875
0 0.6453125 0.371875 0.03125 0.00625
0 0.6234375 0.37734375 0.009375 0.0171875