0 0.321875 0.10859375 0.375 0.1296875
0 0.390625 0.44765625 0.1375 0.0421875
0 0.55625 0.3140625 0.009375 0.025
0 0.54375 0.3125 0.0078125 0.025
0 0.53125 0.3171875 0.009375 0.0328125
0 0.5296875 0.3984375 0.0125 0.0390625
0 0.6296875 0.4046875 0.0078125 0.015625
0 0.7046875 0.40625 0.00625 0.0125
0 0.721875 0.40625 0.00625 0.0140625
0 0.6640625 0.3140625 0.009375 0.0265625
0 0.7109375 0.315625 0.009375 0.0265625
0 0.75625 0.18125 0.0078125 0.0234375
0 0.7359375 0.315625 0.009375 0.028125
0 0.7828125 0.315625 0.009375 0.028125
0 0.746875 0.40625 0.00625 0.0140625
0 0.7546875 0.4046875 0.00625 0.01875
0 0.771875 0.4078125 0.00625 0.0125
0 0.7796875 0.4046875 0.00625 0.0171875
0 0.7703125 0.428125 0.00625 0.0171875
0 0.7953125 0.4265625 0.00625 0.015625
0 0.7953125 0.4046875 0.00625 0.0140625
0 0.8046875 0.4046875 0.0078125 0.01875
0 0.803125 0.4265625 0.0046875 0.0140625
0 0.828125 0.4265625 0.00625 0.0140625
0 0.8453125 0.40625 0.00625 0.015625
0 0.828125 0.4078125 0.00625 0.0140625
0 0.8453125 0.428125 0.00625 0.015625
0 0.853125 0.4265625 0.00625 0.0140625
0 0.86875 0.428125 0.00625 0.015625
0 0.80625 0.3171875 0.009375 0.03125
0 0.8078125 0.2875 0.00625 0.0046875
0 0.8171875 0.2796875 0.0078125 0.028125
0 0.853125 0.3125 0.0078125 0.0234375
0 0.8390625 0.2859375 0.00625 0.0140625
0 0.8546875 0.28125 0.0078125 0.025
0 0.865625 0.28125 0.0078125 0.0265625
0 0.959375 0.2765625 0.0109375 0.0328125
0 0.9 0.3171875 0.009375 0.028125
0 0.9109375 0.3140625 0.009375 0.025
0 0.934375 0.315625 0.009375 0.0265625
0 0.959375 0.315625 0.0078125 0.028125
0 0.8765625 0.40625 0.00625 0.015625
0 0.9015625 0.4265625 0.0046875 0.015625
0 0.9171875 0.428125 0.00625 0.015625
0 0.9265625 0.434375 0.0078125 0.025
0 0.9265625 0.40625 0.00625 0.0140625
0 0.940625 0.4359375 0.0109375 0.03125
0 0.9640625 0.4375 0.009375 0.0328125
0 0.9890625 0.3953125 0.0109375 0.03125
0 0.9828125 0.3171875 0.0109375 0.028125
0 0.99375 0.2796875 0.0109375 0.0265625
0 0.99375 0.3125 0.0078125 0.021875
0 0.9796875 0.190625 0.0046875 0.003125
0 0.99765625 0.20703125 0.0046875 0.0171875
0 0.9984375 0.17890625 0.003125 0.0234375
0 0.9875 0.2109375 0.009375 0.021875
0 0.9765625 0.18125 0.00625 0.01875
0 0.978125 0.2078125 0.009375 0.0203125
0 0.9671875 0.209375 0.0078125 0.021875
0 0.9671875 0.1796875 0.0078125 0.0203125
0 0.9578125 0.2109375 0.0078125 0.025
0 0.9453125 0.2109375 0.009375 0.021875
0 0.95625 0.1828125 0.0078125 0.015625
0 0.9375 0.209375 0.00625 0.0203125
0 0.925 0.2125 0.009375 0.0234375
0 0.9359375 0.18125 0.00625 0.01875
0 0.9265625 0.18125 0.00625 0.01875
0 0.90625 0.209375 0.00625 0.015625
0 0.8953125 0.178125 0.0078125 0.0234375
0 0.8953125 0.2109375 0.009375 0.0265625
0 0.8828125 0.2109375 0.0078125 0.0234375
0 0.8734375 0.1796875 0.009375 0.025
0 0.8625 0.1796875 0.0078125 0.021875
0 0.8734375 0.2125 0.009375 0.025
0 0.8609375 0.2109375 0.0078125 0.0203125
0 0.85 0.2125 0.009375 0.0265625
0 0.8421875 0.209375 0.009375 0.021875
0 0.828125 0.2109375 0.009375 0.0265625
0 0.81875 0.209375 0.0078125 0.021875
0 0.828125 0.18125 0.0078125 0.01875
0 0.8078125 0.1828125 0.00625 0.015625
0 0.8078125 0.209375 0.0078125 0.01875
0 0.796875 0.2109375 0.0078125 0.0203125
0 0.784375 0.2109375 0.0078125 0.025
0 0.7765625 0.2109375 0.0078125 0.025
0 0.75625 0.209375 0.0078125 0.0203125
0 0.74375 0.2109375 0.009375 0.0265625
0 0.734375 0.1828125 0.00625 0.015625
0 0.7234375 0.209375 0.0078125 0.0171875
0 0.703125 0.1796875 0.00625 0.01875
0 0.6828125 0.209375 0.00625 0.0203125
0 0.671875 0.209375 0.00625 0.0140625
0 0.6734375 0.178125 0.009375 0.0265625
0 0.6421875 0.1765625 0.00625 0.0140625
0 0.63125 0.209375 0.0078125 0.0171875
0 0.621875 0.1796875 0.0078125 0.021875
0 0.621875 0.2046875 0.00625 0.0140625
0 0.6125 0.209375 0.009375 0.025
0 0.6125 0.1796875 0.0078125 0.021875
0 0.590625 0.209375 0.0078125 0.021875
0 0.6 0.1796875 0.0109375 0.0234375
0 0.5734375 0.2 0.0046875 0.00625
0 0.5796875 0.2125 0.0078125 0.0203125
0 0.5109375 0.31171875 0.003125 0.0234375
0 0.559375 0.2109375 0.00625 0.01875
0 0.5359375 0.2109375 0.009375 0.0265625
0 0.5171875 0.209375 0.0078125 0.01875
0 0.746875 0.428125 0.00625 0.0171875
0 0.7203125 0.425 0.0078125 0.0171875
0 0.6953125 0.428125 0.009375 0.0171875
0 0.6671875 0.43125 0.009375 0.0234375
0 0.6046875 0.434375 0.0109375 0.0296875
0 0.5828125 0.4296875 0.009375 0.021875
0 0.553125 0.4375 0.0125 0.034375
0 0.29765625 0.52890625 0.1734375 0.1203125