0 0.16328125 0.30859375 0.3265625 0.4015625
0 0.728125 0.1109375 0.128125 0.221875
0 0.16796875 0.925 0.1484375 0.15
0 0.9640625 0.7875 0.040625 0.0171875
0 0.959375 0.765625 0.0609375 0.0265625
0 0.975 0.74375 0.046875 0.015625
0 0.975 0.7265625 0.0359375 0.0140625
0 0.840625 0.79453125 0.03125 0.0046875
0 0.8578125 0.7234375 0.028125 0.0109375
0 0.7953125 0.7765625 0.0484375 0.0171875
0 0.803125 0.759375 0.04375 0.01875
0 0.8046875 0.7328125 0.053125 0.0203125
0 0.809375 0.7109375 0.0421875 0.015625
0 0.8625 0.7078125 0.0328125 0.0125
0 0.859375 0.690625 0.028125 0.0109375
0 0.9765625 0.696875 0.040625 0.015625
0 0.97578125 0.678125 0.0484375 0.01875
0 0.9765625 0.653125 0.040625 0.0140625
0 0.965625 0.6328125 0.0640625 0.0171875
0 0.9734375 0.6078125 0.04375 0.015625
0 0.9765625 0.5875 0.0375 0.015625
0 0.959375 0.565625 0.0640625 0.0234375
0 0.9671875 0.5421875 0.0421875 0.0203125
0 0.8609375 0.659375 0.028125 0.0125
0 0.80625 0.6859375 0.053125 0.0171875
0 0.80625 0.6390625 0.040625 0.015625
0 0.859375 0.628125 0.0265625 0.0125
0 0.8625 0.6109375 0.0328125 0.0140625
0 0.8609375 0.5953125 0.03125 0.0140625
0 0.8515625 0.5640625 0.0203125 0.0109375
0 0.803125 0.6171875 0.0515625 0.0203125
0 0.8015625 0.59375 0.0578125 0.0265625
0 0.790625 0.56875 0.0578125 0.021875
0 0.7953125 0.546875 0.04375 0.025
0 0.7921875 0.5265625 0.046875 0.021875
0 0.96171875 0.51640625 0.0390625 0.0140625
0 0.846875 0.5328125 0.0265625 0.0125
0 0.8453125 0.5203125 0.028125 0.015625
0 0.78828125 0.51171875 0.0359375 0.0046875
0 0.6640625 0.54140625 0.009375 0.0203125
0 0.6734375 0.55703125 0.028125 0.0171875
0 0.67265625 0.57734375 0.0265625 0.0171875
0 0.6734375 0.59609375 0.028125 0.0171875
0 0.675 0.61875 0.03125 0.01875
0 0.6765625 0.659375 0.034375 0.01875
0 0.67734375 0.6796875 0.0359375 0.01875
0 0.6796875 0.703125 0.040625 0.01875
0 0.68046875 0.725 0.0421875 0.01875
0 0.67734375 0.7453125 0.0359375 0.01875
0 0.68203125 0.78984375 0.0453125 0.0140625