0 0.4078125 0.35234375 0.0625 0.1453125
0 0.74375 0.04921875 0.125 0.0984375
0 0.125 0.68125 0.1296875 0.1046875
0 0.121875 0.8765625 0.025 0.009375
0 0.1234375 0.8640625 0.025 0.0078125
0 0.11875 0.8515625 0.0328125 0.009375
0 0.0375 0.85 0.0390625 0.0125
0 0.03125 0.95 0.015625 0.0078125
0 0.121875 0.984375 0.0265625 0.009375
0 0.12265625 0.83046875 0.0234375 0.0046875
0 0.0078125 0.9875 0.015625 0.009375
0 0.0078125 0.92421875 0.015625 0.0109375
0 0.00859375 0.903125 0.0171875 0.009375
0 0.0078125 0.8734375 0.015625 0.0125