0 0.2046875 0.2703125 0.0921875 0.1640625
0 0.80078125 0.1671875 0.2640625 0.30625
0 0.00546875 0.71015625 0.0109375 0.0203125
0 0.66484375 0.7265625 0.0078125 0.028125
0 0.634375 0.78125 0.0140625 0.0171875
0 0.6046875 0.7390625 0.015625 0.0171875
0 0.5234375 0.7046875 0.015625 0.009375
0 0.55 0.746875 0.0234375 0.0234375
0 0.48125 0.746875 0.01875 0.0140625
0 0.509375 0.8125 0.0171875 0.01875
0 0.5828125 0.8171875 0.021875 0.01875
0 0.66171875 0.8234375 0.0140625 0.015625
0 0.659375 0.9625 0.01875 0.015625
0 0.5984375 0.9796875 0.015625 0.028125
0 0.3796875 0.996875 0.0125 0.00625
0 0.421875 0.9859375 0.0125 0.0171875
0 0.4671875 0.9625 0.0125 0.01875
0 0.31875 0.9765625 0.0140625 0.0171875
0 0.3546875 0.959375 0.0171875 0.0125
0 0.440625 0.934375 0.0140625 0.0171875
0 0.3296875 0.9203125 0.0078125 0.01875
0 0.371875 0.9078125 0.0140625 0.0171875
0 0.3171875 0.8828125 0.0125 0.0171875
0 0.40625 0.8703125 0.01875 0.0203125
0 0.4578125 0.83125 0.0171875 0.0171875
0 0.428125 0.7703125 0.0171875 0.0140625
0 0.2984375 0.7484375 0.0125 0.01875
0 0.253125 0.7578125 0.015625 0.0109375
0 0.2609375 0.70546875 0.021875 0.0109375
0 0.18671875 0.709375 0.0140625 0.01875
0 0.1765625 0.7890625 0.015625 0.01875
0 0.1046875 0.8453125 0.0125 0.0171875
0 0.1421875 0.8359375 0.0140625 0.0203125
0 0.2 0.828125 0.0140625 0.015625
0 0.228125 0.9 0.0140625 0.01875
0 0.1234375 0.8953125 0.0109375 0.0171875
0 0.2046875 0.9484375 0.0140625 0.0171875
0 0.19140625 0.99375 0.0140625 0.0125
0 0.69609375 0.90390625 0.0546875 0.1921875