0 0.05703125 0.07578125 0.1140625 0.1515625
0 0.4546875 0.24296875 0.08125 0.1140625
0 0.63828125 0.21875 0.1765625 0.1625
0 0.10625 0.396875 0.1203125 0.09375
0 0.5140625 0.89296875 0.071875 0.1765625
0 0.909375 0.8125 0.0203125 0.03125
0 0.865625 0.8 0.015625 0.03125
0 0.871875 0.7671875 0.0140625 0.021875
0 0.7859375 0.734375 0.0171875 0.0375
0 0.7703125 0.7734375 0.0140625 0.028125
0 0.8109375 0.9140625 0.0125 0.0296875
0 0.8125 0.875 0.0125 0.0203125
0 0.7984375 0.875 0.0109375 0.01875
0 0.759375 0.903125 0.0140625 0.028125
0 0.7546875 0.8625 0.0140625 0.0296875
0 0.7265625 0.8546875 0.0140625 0.03125
0 0.890625 0.9375 0.0140625 0.028125
0 0.7921875 0.990625 0.0125 0.01875
0 0.78125 0.9890625 0.009375 0.021875
0 0.7578125 0.9859375 0.0109375 0.0234375
0 0.74375 0.9796875 0.0125 0.025
0 0.7328125 0.978125 0.009375 0.015625
0 0.6953125 0.965625 0.0109375 0.028125
0 0.684375 0.965625 0.0140625 0.0234375
0 0.6703125 0.9625 0.0125 0.021875
0 0.6609375 0.959375 0.009375 0.0140625
0 0.68203125 0.99453125 0.0078125 0.0109375
0 0.640625 0.98671875 0.021875 0.0265625