0 0.20625 0.3171875 0.315625 0.28125
0 0.203125 0.6296875 0.0734375 0.0171875
0 0.740625 0.67734375 0.028125 0.0640625
0 0.7171875 0.5421875 0.0140625 0.0078125
0 0.7453125 0.5921875 0.0296875 0.071875
0 0.7125 0.5828125 0.025 0.071875
0 0.7125 0.653125 0.0203125 0.059375
0 0.70625 0.6984375 0.028125 0.021875
0 0.6359375 0.66015625 0.0375 0.0984375
0 0.584375 0.64765625 0.05 0.1234375
0 0.51953125 0.5875 0.0203125 0.065625
0 0.521875 0.68125 0.025 0.05625
0 0.678125 0.4015625 0.05 0.01875
0 0.6796875 0.384375 0.053125 0.015625
0 0.603125 0.4125 0.0234375 0.0640625
0 0.89765625 0.6703125 0.0734375 0.078125
0 0.90703125 0.821875 0.1765625 0.225