0 0.2546875 0.109375 0.034375 0.0859375
0 0.578125 0.2484375 0.0171875 0.0109375
0 0.56640625 0.16171875 0.0453125 0.1578125
0 0.5015625 0.084375 0.0265625 0.065625
0 0.5015625 0.1953125 0.034375 0.090625
0 0.4609375 0.2375 0.025 0.0109375
0 0.465625 0.2234375 0.0234375 0.009375
0 0.4640625 0.1828125 0.021875 0.0109375
0 0.4609375 0.16875 0.0359375 0.0125
0 0.459375 0.15625 0.03125 0.0125
0 0.4609375 0.1421875 0.034375 0.0125
0 0.4609375 0.128125 0.03125 0.0109375
0 0.45625 0.1109375 0.040625 0.015625
0 0.459375 0.096875 0.03125 0.0125
0 0.4609375 0.08125 0.034375 0.0109375
0 0.4609375 0.0640625 0.028125 0.0109375
0 0.465625 0.0421875 0.053125 0.0203125
0 0.4015625 0.0765625 0.0171875 0.04375
0 0.396875 0.153125 0.0125 0.0328125
0 0.36875 0.1421875 0.025 0.090625
0 0.3484375 0.184375 0.0109375 0.03125
0 0.3375 0.1796875 0.015625 0.0453125
0 0.3171875 0.1859375 0.0140625 0.0375
0 0.2921875 0.1546875 0.03125 0.1125
0 0.2875 0.0796875 0.0125 0.0296875
0 0.203125 0.2046875 0.128125 0.025
0 0.2234375 0.2328125 0.134375 0.0328125
0 0.984375 0.034375 0.03125 0.021875
0 0.98359375 0.02109375 0.0328125 0.0234375
0 0.403125 0.640625 0.059375 0.078125
0 0.5734375 0.340625 0.03125 0.078125
0 0.93984375 0.44609375 0.1203125 0.1453125