0 0.384375 0.24765625 0.16875 0.1890625
0 0.63359375 0.2703125 0.0859375 0.021875
0 0.8421875 0.08125 0.0890625 0.1046875
0 0.640625 0.4515625 0.1875 0.059375
0 0.16875 0.53125 0.00625 0.003125
0 0.24453125 0.54609375 0.0078125 0.0203125
0 0.2 0.5484375 0.0125 0.01875
0 0.1390625 0.521875 0.009375 0.01875
0 0.128125 0.5625 0.0046875 0.0125
0 0.1703125 0.590625 0.0078125 0.0109375
0 0.225 0.6265625 0.015625 0.021875
0 0.165625 0.653125 0.0140625 0.01875
0 0.196875 0.69375 0.0078125 0.009375
0 0.2359375 0.7734375 0.0140625 0.0125
0 0.096875 0.665625 0.009375 0.009375
0 0.025 0.5796875 0.009375 0.015625
0 0.6203125 0.6671875 0.14375 0.2421875