0 0.08984375 0.3109375 0.1796875 0.14375
0 0.50625 0.2515625 0.0234375 0.0125
0 0.5046875 0.428125 0.0421875 0.0125
0 0.4921875 0.5 0.0375 0.009375
0 0.79140625 0.57109375 0.0109375 0.0171875
0 0.68125 0.4765625 0.028125 0.028125
0 0.6765625 0.5046875 0.00625 0.0046875
0 0.6796875 0.5109375 0.0375 0.0109375
0 0.7109375 0.49375 0.0078125 0.0046875
0 0.7125 0.521875 0.009375 0.05
0 0.6828125 0.5515625 0.028125 0.0109375
0 0.715625 0.57578125 0.0125 0.0078125
0 0.6453125 0.4453125 0.0328125 0.0328125
0 0.55703125 0.5640625 0.0140625 0.03125
0 0.5796875 0.4734375 0.0125 0.0359375
0 0.82890625 0.57421875 0.0140625 0.0109375
0 0.84453125 0.57265625 0.0140625 0.0140625