0 0.2359375 0.11328125 0.20625 0.2265625
0 0.66640625 0.02421875 0.2328125 0.0484375
0 0.6140625 0.2796875 0.128125 0.05625
0 0.1234375 0.56328125 0.246875 0.2078125
0 0.1171875 0.98046875 0.121875 0.0390625
0 0.6640625 0.54375 0.028125 0.028125
0 0.66875 0.515625 0.00625 0.0046875
0 0.665625 0.509375 0.0375 0.0109375
0 0.634375 0.5265625 0.0078125 0.0046875
0 0.6328125 0.4984375 0.009375 0.05
0 0.6625 0.46875 0.028125 0.0109375
0 0.7 0.575 0.0328125 0.0328125
0 0.7890625 0.465625 0.015625 0.0125
0 0.765625 0.546875 0.0125 0.0359375
0 0.9 0.4625 0.021875 0.00625
0 0.9015625 0.471875 0.01875 0.0078125
0 0.9 0.48125 0.0234375 0.0078125
0 0.9015625 0.521875 0.0203125 0.0078125
0 0.9203125 0.49375 0.0078125 0.0234375
0 0.8015625 0.834375 0.2375 0.2234375