0 0.2921875 0.0484375 0.20625 0.096875
0 0.68125 0.6296875 0.0140625 0.025
0 0.6421875 0.7984375 0.003125 0.003125
0 0.646875 0.8078125 0.0125 0.015625
0 0.6734375 0.8546875 0.003125 0.0046875
0 0.6734375 0.8609375 0.0078125 0.0125
0 0.6109375 0.75625 0.0109375 0.0171875
0 0.5515625 0.634375 0.0109375 0.0265625
0 0.4421875 0.8109375 0.00625 0.003125
0 0.4484375 0.75 0.00625 0.021875
0 0.559375 0.86875 0.0125 0.0234375
0 0.5203125 0.8265625 0.0109375 0.0203125
0 0.4734375 0.828125 0.0125 0.01875
0 0.4125 0.8015625 0.009375 0.01875
0 0.4015625 0.8421875 0.0046875 0.0125
0 0.44375 0.8703125 0.0078125 0.0109375
0 0.4984375 0.90625 0.015625 0.021875
0 0.4390625 0.9328125 0.0140625 0.01875
0 0.3546875 0.528125 0.0046875 0.0046875
0 0.409375 0.546875 0.00625 0.0046875
0 0.4046875 0.6421875 0.0046875 0.003125
0 0.4125 0.565625 0.0109375 0.0359375
0 0.3578125 0.7125 0.0109375 0.021875
0 0.396875 0.6625 0.01875 0.034375
0 0.3328125 0.6640625 0.0125 0.025
0 0.35625 0.540625 0.009375 0.021875
0 0.115625 0.75 0.003125 0.0078125
0 0.096875 0.675 0.0046875 0.00625
0 0.0890625 0.6546875 0.015625 0.040625
0 0.1 0.746875 0.028125 0.0109375
0 0.025 0.903125 0.0140625 0.0125
0 0.01015625 0.77265625 0.0203125 0.0140625
0 0.015625 0.69375 0.01875 0.0109375
0 0.546875 0.94375 0.0171875 0.021875
0 0.603125 0.9671875 0.003125 0.0046875
0 0.6109375 0.9796875 0.0125 0.0140625
0 0.4703125 0.9734375 0.0078125 0.009375
0 0.3703125 0.9453125 0.009375 0.009375
0 0.2984375 0.859375 0.009375 0.015625
0 0.1734375 0.88125 0.009375 0.009375
0 0.76953125 0.62421875 0.1390625 0.0609375