0 0.1234375 0.090625 0.153125 0.18125
0 0.8421875 0.2234375 0.278125 0.2234375
0 0.4484375 0.43203125 0.1375 0.0734375
0 0.05078125 0.7859375 0.1015625 0.13125
0 0.5109375 0.9765625 0.0046875 0.003125
0 0.4984375 0.9796875 0.0234375 0.00625
0 0.9609375 0.9875 0.01875 0.0171875
0 0.946875 0.9703125 0.01875 0.0171875
0 0.934375 0.953125 0.021875 0.0203125
0 0.9203125 0.9390625 0.021875 0.0203125
0 0.9140625 0.9265625 0.025 0.0234375
0 0.9 0.9171875 0.028125 0.028125
0 0.915625 0.903125 0.0109375 0.0109375
0 0.7890625 0.8765625 0.00625 0.00625
0 0.7859375 0.8734375 0.009375 0.0078125
0 0.78125 0.865625 0.009375 0.009375
0 0.7734375 0.890625 0.021875 0.0171875
0 0.7765625 0.9078125 0.009375 0.009375
0 0.7828125 0.915625 0.0140625 0.0109375
0 0.790625 0.925 0.0140625 0.0109375
0 0.7984375 0.9484375 0.0078125 0.009375
0 0.8078125 0.9578125 0.009375 0.009375
0 0.83359375 0.96484375 0.0453125 0.0703125