0 0.8109375 0.253125 0.103125 0.4125
0 0.8765625 0.09375 0.0125 0.0140625
0 0.8703125 0.2078125 0.00625 0.00625
0 0.8828125 0.221875 0.021875 0.0203125
0 0.86796875 0.31484375 0.0109375 0.0203125
0 0.909375 0.409375 0.025 0.028125
0 0.9484375 0.3546875 0.0140625 0.0171875
0 0.978125 0.396875 0.015625 0.0171875
0 0.99453125 0.31875 0.0109375 0.01875
0 0.9203125 0.3125 0.015625 0.015625
0 0.9203125 0.071875 0.0203125 0.01875
0 0.921875 0.1734375 0.0203125 0.015625
0 0.984375 0.15625 0.015625 0.028125
0 0.99609375 0.08984375 0.0078125 0.0140625
0 0.36953125 0.5109375 0.0640625 0.103125
0 0.02421875 0.77421875 0.0484375 0.3046875
0 0.7640625 0.696875 0.18125 0.19375