0 0.1234375 0.303125 0.00625 0.00625
0 0.1109375 0.2890625 0.021875 0.0203125
0 0.1625 0.246875 0.021875 0.0125
0 0.2125 0.1953125 0.0234375 0.025
0 0.128125 0.1953125 0.015625 0.0203125
0 0.1671875 0.1359375 0.015625 0.015625
0 0.2453125 0.03515625 0.009375 0.0265625
0 0.053125 0.0375 0.0203125 0.0203125
0 0.084375 0.1015625 0.025 0.028125
0 0.0453125 0.15625 0.0140625 0.0171875
0 0.015625 0.1140625 0.015625 0.0171875
0 0.00234375 0.1921875 0.0046875 0.01875
0 0.0734375 0.1984375 0.015625 0.015625
0 0.54140625 0.16328125 0.2578125 0.1765625
0 0.95546875 0.12578125 0.0890625 0.2515625
0 0.359375 0.5234375 0.078125 0.015625
0 0.515625 0.81875 0.25 0.25