0 0.06171875 0.1015625 0.1234375 0.203125
0 0.0390625 0.35 0.078125 0.178125
0 0.24609375 0.5140625 0.3109375 0.209375
0 0.76171875 0.19921875 0.1828125 0.3984375
0 0.5296875 0.58359375 0.103125 0.0703125
0 0.34609375 0.80390625 0.1671875 0.0921875
0 0.7484375 0.95234375 0.0875 0.0953125
0 0.8515625 0.9015625 0.0109375 0.0203125
0 0.934375 0.65 0.0265625 0.03125
0 0.990625 0.68125 0.01875 0.015625
0 0.95625 0.728125 0.021875 0.009375
0 0.915625 0.7359375 0.0171875 0.0078125
0 0.978125 0.7703125 0.0203125 0.009375
0 0.98125 0.8140625 0.021875 0.009375
0 0.9953125 0.85625 0.009375 0.009375
0 0.9515625 0.871875 0.0109375 0.015625
0 0.925 0.7828125 0.01875 0.009375
0 0.8859375 0.7875 0.0203125 0.009375
0 0.840625 0.81875 0.0203125 0.028125
0 0.9015625 0.85 0.0234375 0.025
0 0.9078125 0.909375 0.0140625 0.0265625
0 0.95625 0.9203125 0.015625 0.0296875
0 0.928125 0.9609375 0.0109375 0.0203125
0 0.903125 0.953125 0.00625 0.0140625
0 0.89375 0.9515625 0.00625 0.015625
0 0.8859375 0.9546875 0.0078125 0.0234375
0 0.859375 0.9453125 0.0078125 0.0125
0 0.84375 0.940625 0.00625 0.0125
0 0.834375 0.940625 0.0078125 0.0171875
0 0.7984375 0.934375 0.0109375 0.01875
0 0.8390625 0.89375 0.0125 0.0296875
0 0.821875 0.890625 0.0171875 0.028125
0 0.8015625 0.87734375 0.01875 0.0328125