0 0.85 0.084375 0.1140625 0.15625
0 0.60625 0.0796875 0.134375 0.109375
0 0.5984375 0.24765625 0.11875 0.1046875
0 0.43828125 0.98515625 0.0203125 0.0296875
0 0.46796875 0.9828125 0.0265625 0.034375
0 0.48984375 0.99140625 0.0234375 0.0171875
0 0.5109375 0.99296875 0.025 0.0140625
0 0.478125 0.896875 0.01875 0.0375
0 0.509375 0.9 0.015625 0.028125
0 0.5359375 0.90859375 0.00625 0.0296875
0 0.52734375 0.8671875 0.0234375 0.028125
0 0.675 0.73671875 0.078125 0.0359375
0 0.9453125 0.9484375 0.0765625 0.09375