0 0.0109375 0.23203125 0.021875 0.0421875
0 0.00625 0.52578125 0.0125 0.0609375
0 0.021875 0.5375 0.0234375 0.0484375
0 0.0421875 0.54375 0.025 0.0546875
0 0.0859375 0.5609375 0.021875 0.0421875
0 0.1078125 0.5546875 0.0265625 0.0625
0 0.1328125 0.571875 0.0171875 0.040625
0 0.1546875 0.5671875 0.0265625 0.0609375
0 0.1765625 0.5828125 0.015625 0.046875
0 0.19375 0.5828125 0.0140625 0.0359375
0 0.009375 0.4265625 0.01875 0.0375
0 0.040625 0.4296875 0.015625 0.028125
0 0.071875 0.4390625 0.015625 0.0296875
0 0.0875 0.4421875 0.0125 0.0265625
0 0.1046875 0.4453125 0.0125 0.028125
0 0.11875 0.4484375 0.0171875 0.03125
0 0.196875 0.465625 0.0109375 0.028125
0 0.084375 0.396875 0.075 0.028125
0 0.14375 0.403125 0.0171875 0.0484375
0 0.1609375 0.4109375 0.01875 0.04375
0 0.1875 0.4125 0.0203125 0.053125
0 0.209375 0.4171875 0.015625 0.0421875
0 0.2125 0.4703125 0.0125 0.0328125
0 0.2296875 0.4671875 0.0109375 0.028125
0 0.2234375 0.584375 0.015625 0.040625
0 0.2421875 0.5859375 0.01875 0.0515625
0 0.2671875 0.584375 0.0140625 0.040625
0 0.2875 0.5734375 0.0171875 0.0640625
0 0.3125 0.58125 0.015625 0.04375
0 0.3328125 0.584375 0.015625 0.0375
0 0.3546875 0.5671875 0.0234375 0.0640625
0 0.378125 0.575 0.0203125 0.0421875
0 0.2609375 0.46875 0.0125 0.028125
0 0.234375 0.4140625 0.0171875 0.053125
0 0.28125 0.4140625 0.015625 0.040625
0 0.2921875 0.4671875 0.0125 0.0265625
0 0.309375 0.4703125 0.0140625 0.0328125
0 0.325 0.46875 0.0140625 0.03125
0 0.35625 0.459375 0.0109375 0.0203125
0 0.303125 0.4109375 0.0203125 0.0515625
0 0.3265625 0.409375 0.0265625 0.0578125
0 0.3515625 0.3984375 0.021875 0.0578125
0 0.3734375 0.403125 0.025 0.04375
0 0.39140625 0.4 0.0171875 0.046875
0 0.39765625 0.56953125 0.0046875 0.0390625
0 0.3875 0.4546875 0.0125 0.0265625
0 0.39609375 0.453125 0.0078125 0.028125
0 0.203125 0.67890625 0.0875 0.0890625
0 0.52890625 0.603125 0.2078125 0.065625