0 0.35234375 0.17265625 0.1234375 0.3453125
0 0.775 0.671875 0.03125 0.0203125
0 0.7875 0.628125 0.03125 0.015625
0 0.8203125 0.634375 0.021875 0.0140625
0 0.853125 0.5484375 0.0375 0.0171875
0 0.8140625 0.5328125 0.028125 0.0140625
0 0.6734375 0.5734375 0.0296875 0.0125
0 0.7125 0.575 0.0203125 0.0125
0 0.7125 0.5609375 0.01875 0.0109375
0 0.684375 0.521875 0.028125 0.0140625
0 0.725 0.5171875 0.0296875 0.0140625
0 0.7328125 0.4890625 0.03125 0.0140625
0 0.634375 0.85 0.0328125 0.0171875
0 0.60625 0.8140625 0.0296875 0.0140625
0 0.65 0.653125 0.028125 0.0140625
0 0.565625 0.65625 0.0234375 0.009375
0 0.59375 0.5546875 0.0234375 0.0125
0 0.56875 0.5296875 0.0234375 0.0109375
0 0.5984375 0.54375 0.021875 0.009375
0 0.6015625 0.5203125 0.0234375 0.0109375
0 0.571875 0.51875 0.015625 0.009375
0 0.6078125 0.50625 0.025 0.0125
0 0.609375 0.4953125 0.015625 0.009375
0 0.621875 0.4578125 0.028125 0.0109375
0 0.621875 0.446875 0.0234375 0.0140625
0 0.625 0.4328125 0.021875 0.0125
0 0.628125 0.4234375 0.0140625 0.009375
0 0.590625 0.4453125 0.015625 0.0078125
0 0.5984375 0.403125 0.0296875 0.021875
0 0.50625 0.35703125 0.021875 0.0140625
0 0.50625 0.3703125 0.0203125 0.0140625
0 0.490625 0.3828125 0.0203125 0.0140625
0 0.4921875 0.39609375 0.025 0.0203125