0 0.6828125 0.24765625 0.128125 0.1046875
0 0.4546875 0.471875 0.015625 0.0265625
0 0.50546875 0.4953125 0.0078125 0.028125
0 0.3515625 0.565625 0.021875 0.025
0 0.3609375 0.5 0.021875 0.034375
0 0.309375 0.528125 0.0203125 0.025
0 0.3 0.3171875 0.01875 0.0234375
0 0.2046875 0.353125 0.015625 0.0296875
0 0.1984375 0.4671875 0.021875 0.028125
0 0.203125 0.55 0.025 0.01875
0 0.1671875 0.41875 0.015625 0.028125
0 0.1015625 0.4671875 0.0265625 0.009375
0 0.1640625 0.5109375 0.025 0.0171875
0 0.0546875 0.53125 0.0265625 0.03125
0 0.11875 0.5625 0.034375 0.015625
0 0.0765625 0.609375 0.021875 0.009375
0 0.0359375 0.6171875 0.0171875 0.0078125
0 0.1796875 0.5921875 0.0265625 0.0109375
0 0.146875 0.6328125 0.021875 0.009375
0 0.3140625 0.6328125 0.0296875 0.01875
0 0.3625 0.659375 0.015625 0.025
0 0.271875 0.734375 0.01875 0.0203125
0 0.184375 0.678125 0.021875 0.009375
0 0.2046875 0.7421875 0.0171875 0.0203125
0 0.3390625 0.853125 0.0125 0.0234375
0 0.0984375 0.6515625 0.0203125 0.009375
0 0.1015625 0.6953125 0.021875 0.009375
0 0.121875 0.7375 0.021875 0.009375
0 0.071875 0.753125 0.0109375 0.015625
0 0.0453125 0.6640625 0.01875 0.009375
0 0.0078125 0.66875 0.015625 0.009375
0 0.021875 0.73125 0.0234375 0.025
0 0.028125 0.790625 0.0140625 0.0265625
0 0.0765625 0.8015625 0.015625 0.0296875
0 0.0484375 0.8421875 0.0109375 0.0203125
0 0.0234375 0.834375 0.00625 0.0140625
0 0.0140625 0.8328125 0.00625 0.015625
0 0.00625 0.8359375 0.0078125 0.0234375
0 0.89375 0.696875 0.2125 0.25
0 0.5359375 0.7125 0.053125 0.278125