0 0.2125 0.03203125 0.178125 0.0640625
0 0.6640625 0.2953125 0.1125 0.09375
0 0.1625 0.675 0.003125 0.003125
0 0.165625 0.684375 0.015625 0.01875
0 0.259375 0.815625 0.0140625 0.0234375
0 0.128125 0.8203125 0.009375 0.028125
0 0.54453125 0.6328125 0.0109375 0.040625
0 0.5640625 0.628125 0.0265625 0.0609375
0 0.5859375 0.64375 0.015625 0.046875
0 0.603125 0.64375 0.0140625 0.0359375
0 0.60625 0.5265625 0.0109375 0.028125
0 0.553125 0.4640625 0.0171875 0.0484375
0 0.5703125 0.471875 0.01875 0.04375
0 0.596875 0.4734375 0.0203125 0.053125
0 0.61875 0.478125 0.015625 0.0421875
0 0.621875 0.53125 0.0125 0.0328125
0 0.6390625 0.528125 0.0109375 0.028125
0 0.6328125 0.6453125 0.015625 0.040625
0 0.6515625 0.646875 0.01875 0.0515625
0 0.6765625 0.6453125 0.0140625 0.040625
0 0.696875 0.634375 0.0171875 0.0640625
0 0.721875 0.6421875 0.015625 0.04375
0 0.7421875 0.6453125 0.015625 0.0375
0 0.7640625 0.628125 0.0234375 0.0640625
0 0.7875 0.6359375 0.0203125 0.0421875
0 0.6703125 0.5296875 0.0125 0.028125
0 0.64375 0.475 0.0171875 0.053125
0 0.690625 0.475 0.015625 0.040625
0 0.7015625 0.528125 0.0125 0.0265625
0 0.71875 0.53125 0.0140625 0.0328125
0 0.734375 0.5296875 0.0140625 0.03125
0 0.765625 0.5203125 0.0109375 0.0203125
0 0.7125 0.471875 0.0203125 0.0515625
0 0.7359375 0.4703125 0.0265625 0.0578125
0 0.7609375 0.459375 0.021875 0.0578125
0 0.7828125 0.4640625 0.025 0.04375
0 0.803125 0.4609375 0.021875 0.046875
0 0.8140625 0.63125 0.0171875 0.0390625
0 0.796875 0.515625 0.0125 0.0265625
0 0.809375 0.5140625 0.015625 0.028125
0 0.8265625 0.5109375 0.0140625 0.0296875
0 0.853125 0.6140625 0.0265625 0.059375
0 0.8734375 0.615625 0.01875 0.0375
0 0.8984375 0.60625 0.01875 0.034375
0 0.9203125 0.603125 0.0265625 0.046875
0 0.840625 0.50625 0.015625 0.028125
0 0.8546875 0.503125 0.01875 0.03125
0 0.8703125 0.49375 0.015625 0.025
0 0.8234375 0.4578125 0.0171875 0.0359375
0 0.85625 0.44375 0.03125 0.04375
0 0.875 0.434375 0.028125 0.046875
0 0.89296875 0.42734375 0.0265625 0.0359375
0 0.9 0.4828125 0.01875 0.03125
0 0.9140625 0.478125 0.01875 0.0296875
0 0.9265625 0.4671875 0.015625 0.021875
0 0.946875 0.590625 0.0203125 0.040625
0 0.9578125 0.58125 0.0234375 0.0328125
0 0.98125 0.5640625 0.0265625 0.04375
0 0.99296875 0.5625 0.0140625 0.04375
0 0.91015625 0.42578125 0.0265625 0.0328125
0 0.9421875 0.4609375 0.01875 0.0265625
0 0.928125 0.41953125 0.025 0.0203125
0 0.9703125 0.446875 0.0203125 0.025
0 0.99296875 0.43125 0.0140625 0.028125
0 0.95 0.41171875 0.015625 0.0046875