0 0.4734375 0.02265625 0.115625 0.0453125
0 0.2703125 0.64375 0.009375 0.025
0 0.2828125 0.6453125 0.0078125 0.025
0 0.2953125 0.640625 0.009375 0.0328125
0 0.2953125 0.55859375 0.009375 0.0390625
0 0.196875 0.553125 0.0078125 0.015625
0 0.121875 0.5515625 0.00625 0.0125
0 0.1046875 0.5515625 0.00625 0.0140625
0 0.1625 0.64375 0.009375 0.0265625
0 0.115625 0.6421875 0.009375 0.0265625
0 0.0703125 0.7765625 0.0078125 0.0234375
0 0.090625 0.6421875 0.009375 0.028125
0 0.04375 0.6421875 0.009375 0.028125
0 0.0796875 0.5515625 0.00625 0.0140625
0 0.071875 0.553125 0.00625 0.01875
0 0.0546875 0.55 0.00625 0.0125
0 0.046875 0.553125 0.00625 0.0171875
0 0.05625 0.53359375 0.00625 0.0078125
0 0.03125 0.534375 0.00625 0.009375
0 0.03125 0.553125 0.00625 0.0140625
0 0.021875 0.553125 0.0078125 0.01875
0 0.02265625 0.53359375 0.0046875 0.0078125
0 0.00078125 0.54921875 0.0015625 0.0140625
0 0.0203125 0.640625 0.009375 0.03125
0 0.01875 0.6703125 0.00625 0.0046875
0 0.009375 0.678125 0.0078125 0.028125
0 0.0015625 0.74609375 0.003125 0.0265625
0 0.0078125 0.7484375 0.0078125 0.021875
0 0.00078125 0.7765625 0.0015625 0.01875
0 0.01875 0.775 0.00625 0.015625
0 0.01875 0.7484375 0.0078125 0.01875
0 0.0296875 0.746875 0.0078125 0.0203125
0 0.0421875 0.746875 0.0078125 0.025
0 0.05 0.746875 0.0078125 0.025
0 0.0703125 0.7484375 0.0078125 0.0203125
0 0.0828125 0.746875 0.009375 0.0265625
0 0.0921875 0.775 0.00625 0.015625
0 0.103125 0.7484375 0.0078125 0.0171875
0 0.1234375 0.778125 0.00625 0.01875
0 0.14375 0.7484375 0.00625 0.0203125
0 0.1546875 0.7484375 0.00625 0.0140625
0 0.153125 0.778125 0.009375 0.025
0 0.184375 0.78125 0.00625 0.0140625
0 0.1953125 0.7484375 0.0078125 0.0171875
0 0.2046875 0.778125 0.0078125 0.021875
0 0.2046875 0.753125 0.00625 0.0140625
0 0.2140625 0.7484375 0.009375 0.025
0 0.2140625 0.778125 0.0078125 0.021875
0 0.2359375 0.7484375 0.0078125 0.021875
0 0.2265625 0.778125 0.0109375 0.0234375
0 0.253125 0.7578125 0.0046875 0.00625
0 0.246875 0.7453125 0.0078125 0.0203125
0 0.2671875 0.746875 0.00625 0.01875
0 0.290625 0.746875 0.009375 0.0265625
0 0.0796875 0.53359375 0.00625 0.0078125
0 0.10546875 0.53515625 0.0078125 0.0109375
0 0.13125 0.53359375 0.009375 0.0078125
0 0.159375 0.53359375 0.009375 0.0078125
0 0.22109375 0.53359375 0.0109375 0.0078125
0 0.24375 0.534375 0.009375 0.009375
0 0.2734375 0.53359375 0.0125 0.0078125
0 0.82109375 0.73046875 0.2234375 0.1484375