0 0.1734375 0.246875 0.346875 0.20625
0 0.92578125 0.03359375 0.1484375 0.0671875
0 0.853125 0.73203125 0.003125 0.0140625
0 0.8625 0.734375 0.0125 0.009375
0 0.8796875 0.7359375 0.0125 0.00625
0 0.87421875 0.6984375 0.0453125 0.028125
0 0.91875 0.7046875 0.0171875 0.0484375
0 0.9359375 0.7125 0.01875 0.04375
0 0.96171875 0.71328125 0.0203125 0.0515625
0 0.984375 0.71796875 0.015625 0.0421875
0 0.99140625 0.5828125 0.0171875 0.053125
0 0.9703125 0.5828125 0.01875 0.0578125
0 0.95 0.5796875 0.01875 0.05
0 0.903125 0.584375 0.01875 0.0609375
0 0.884375 0.5828125 0.01875 0.053125
0 0.8609375 0.584375 0.0171875 0.059375
0 0.9921875 0.5171875 0.0140625 0.040625
0 0.9734375 0.515625 0.0171875 0.053125
0 0.953125 0.5140625 0.0171875 0.05
0 0.9328125 0.5171875 0.015625 0.04375
0 0.9125 0.5171875 0.0171875 0.0515625
0 0.89375 0.515625 0.015625 0.046875
0 0.875 0.5171875 0.0171875 0.0484375
0 0.85703125 0.5203125 0.0109375 0.046875
0 0.28984375 0.8953125 0.1265625 0.209375
0 0.96328125 0.92734375 0.0734375 0.0921875