0 0.48984375 0.18515625 0.1359375 0.1734375
0 0.5609375 0.559375 0.0234375 0.0125
0 0.5359375 0.534375 0.0234375 0.0109375
0 0.565625 0.5484375 0.021875 0.009375
0 0.56875 0.525 0.0234375 0.0109375
0 0.5390625 0.5234375 0.015625 0.009375
0 0.575 0.5109375 0.025 0.0125
0 0.5765625 0.5 0.015625 0.009375
0 0.5890625 0.4625 0.028125 0.0109375
0 0.5890625 0.4515625 0.0234375 0.0140625
0 0.5921875 0.4375 0.021875 0.0125
0 0.5953125 0.428125 0.0140625 0.009375
0 0.5578125 0.45 0.015625 0.0078125
0 0.565625 0.4078125 0.0296875 0.021875
0 0.1859375 0.803125 0.1234375 0.1671875
0 0.5421875 0.73515625 0.11875 0.1921875
0 0.68515625 0.57265625 0.1109375 0.2546875
0 0.70703125 0.9484375 0.1546875 0.103125