0 0.571875 0.24375 0.01875 0.0140625
0 0.565625 0.2046875 0.0171875 0.0140625
0 0.6140625 0.2171875 0.0171875 0.009375
0 0.621875 0.2625 0.0171875 0.009375
0 0.8984375 0.26484375 0.01875 0.0078125
0 0.8890625 0.221875 0.0109375 0.015625
0 0.94375 0.2296875 0.015625 0.021875
0 0.9578125 0.03125 0.0171875 0.021875
0 0.975 0.084375 0.0234375 0.0140625
0 0.9390625 0.15625 0.021875 0.0140625
0 0.8578125 0.1453125 0.01875 0.015625
0 0.8015625 0.0734375 0.0171875 0.0125
0 0.8109375 0.1109375 0.0203125 0.0140625
0 0.81875 0.16875 0.015625 0.0140625
0 0.746875 0.196875 0.01875 0.0140625
0 0.7515625 0.0921875 0.0171875 0.0109375
0 0.6984375 0.1734375 0.0171875 0.0140625
0 0.65 0.1609375 0.0171875 0.0140625
0 0.609375 0.1671875 0.01875 0.0109375
0 0.6015625 0.1015625 0.0140625 0.009375
0 0.565625 0.13125 0.015625 0.0109375
0 0.5828125 0.0640625 0.0125 0.0125
0 0.5984375 0.00234375 0.015625 0.0046875
0 0.3140625 0.85625 0.253125 0.228125
0 0.97734375 0.428125 0.0453125 0.15625