0 0.3609375 0.2234375 0.03125 0.0203125
0 0.3734375 0.1796875 0.03125 0.015625
0 0.40625 0.1859375 0.021875 0.0140625
0 0.4390625 0.1 0.0375 0.0171875
0 0.4 0.084375 0.028125 0.0140625
0 0.31953125 0.06796875 0.0109375 0.0140625
0 0.32421875 0.03984375 0.0203125 0.0140625
0 0.9421875 0.053125 0.115625 0.10625
0 0.2234375 0.68671875 0.140625 0.0734375
0 0.3171875 0.73828125 0.040625 0.1046875
0 0.52734375 0.84765625 0.0765625 0.1109375
0 0.89140625 0.8828125 0.0234375 0.040625
0 0.8703125 0.884375 0.009375 0.03125
0 0.85625 0.884375 0.0125 0.0328125
0 0.8390625 0.8859375 0.0125 0.0296875
0 0.825 0.8875 0.009375 0.025
0 0.81015625 0.8828125 0.0078125 0.03125
0 0.8140625 0.8109375 0.0109375 0.0296875
0 0.828125 0.8125 0.0125 0.03125
0 0.8421875 0.8140625 0.009375 0.03125
0 0.85625 0.8125 0.0109375 0.0359375
0 0.871875 0.8140625 0.0125 0.0328125
0 0.8890625 0.8109375 0.0140625 0.0328125
0 0.8734375 0.76875 0.009375 0.028125
0 0.8578125 0.7703125 0.0125 0.0328125
0 0.8421875 0.771875 0.009375 0.021875
0 0.828125 0.76875 0.0109375 0.0296875
0 0.8125 0.7703125 0.0125 0.0296875
0 0.8796875 0.66875 0.0078125 0.0140625
0 0.8359375 0.69609375 0.059375 0.0296875
0 0.840625 0.6640625 0.06875 0.025