0 0.09296875 0.05625 0.1859375 0.10625
0 0.22734375 0.6359375 0.0609375 0.003125
0 0.609375 0.678125 0.0203125 0.0453125
0 0.6390625 0.68125 0.0265625 0.0609375
0 0.6609375 0.6921875 0.0234375 0.0484375
0 0.68125 0.6984375 0.025 0.0546875
0 0.725 0.715625 0.021875 0.0421875
0 0.746875 0.709375 0.0265625 0.0625
0 0.771875 0.7265625 0.0171875 0.040625
0 0.79375 0.721875 0.0265625 0.0609375
0 0.815625 0.7375 0.015625 0.046875
0 0.8328125 0.7375 0.0140625 0.0359375
0 0.6484375 0.58125 0.01875 0.0375
0 0.6796875 0.584375 0.015625 0.028125
0 0.7109375 0.59375 0.015625 0.0296875
0 0.7265625 0.596875 0.0125 0.0265625
0 0.74375 0.6 0.0125 0.028125
0 0.7578125 0.603125 0.0171875 0.03125
0 0.8359375 0.6203125 0.0109375 0.028125
0 0.7234375 0.5515625 0.075 0.028125
0 0.7828125 0.5578125 0.0171875 0.0484375
0 0.8 0.565625 0.01875 0.04375
0 0.8265625 0.5671875 0.0203125 0.053125
0 0.8484375 0.571875 0.015625 0.0421875
0 0.8515625 0.625 0.0125 0.0328125
0 0.86875 0.621875 0.0109375 0.028125
0 0.8625 0.7390625 0.015625 0.040625
0 0.88125 0.740625 0.01875 0.0515625
0 0.90625 0.7390625 0.0140625 0.040625
0 0.9265625 0.728125 0.0171875 0.0640625
0 0.9515625 0.7359375 0.015625 0.04375
0 0.971875 0.7390625 0.015625 0.0375
0 0.990625 0.72109375 0.01875 0.0640625
0 0.9 0.6234375 0.0125 0.028125
0 0.8734375 0.56875 0.0171875 0.053125
0 0.9203125 0.56875 0.015625 0.040625
0 0.93125 0.621875 0.0125 0.0265625
0 0.9484375 0.625 0.0140625 0.0328125
0 0.9640625 0.6234375 0.0140625 0.03125
0 0.99453125 0.61328125 0.0109375 0.0203125
0 0.9421875 0.565625 0.0203125 0.0515625
0 0.965625 0.5640625 0.0265625 0.0578125
0 0.98984375 0.55234375 0.0203125 0.0578125
0 0.659375 0.46796875 0.01875 0.0171875