0 0.34296875 0.3796875 0.2140625 0.078125
0 0.7796875 0.16875 0.0203125 0.0453125
0 0.809375 0.171875 0.0265625 0.0609375
0 0.83125 0.1828125 0.0234375 0.0484375
0 0.8515625 0.1890625 0.025 0.0546875
0 0.8953125 0.20625 0.021875 0.0421875
0 0.9171875 0.2 0.0265625 0.0625
0 0.9421875 0.2171875 0.0171875 0.040625
0 0.9640625 0.2125 0.0265625 0.0609375
0 0.9859375 0.228125 0.015625 0.046875
0 0.99765625 0.22734375 0.0046875 0.0359375
0 0.81875 0.071875 0.01875 0.0375
0 0.85 0.075 0.015625 0.028125
0 0.88125 0.084375 0.015625 0.0296875
0 0.896875 0.0875 0.0125 0.0265625
0 0.9140625 0.090625 0.0125 0.028125
0 0.928125 0.09375 0.0171875 0.03125
0 0.89375 0.0421875 0.075 0.028125
0 0.95234375 0.0484375 0.0171875 0.046875
0 0.9703125 0.05625 0.01875 0.04375
0 0.99296875 0.0578125 0.0140625 0.053125
0 0.9015625 0.4484375 0.196875 0.059375