0 0.23125 0.259375 0.009375 0.009375
0 0.40625 0.08125 0.0140625 0.0125
0 0.85390625 0.02734375 0.1703125 0.0546875
0 0.2515625 0.6421875 0.0609375 0.1140625
0 0.8296875 0.4546875 0.00625 0.0125
0 0.846875 0.4546875 0.00625 0.0140625
0 0.871875 0.4546875 0.00625 0.0140625
0 0.8796875 0.453125 0.00625 0.01875
0 0.896875 0.45625 0.00625 0.0125
0 0.9046875 0.453125 0.00625 0.0171875
0 0.8953125 0.4765625 0.00625 0.0171875
0 0.8890625 0.5765625 0.0109375 0.034375
0 0.884375 0.628125 0.0109375 0.046875
0 0.990625 0.7375 0.01875 0.028125
0 0.9984375 0.70859375 0.003125 0.0046875
0 0.9890625 0.70234375 0.021875 0.0109375
0 0.965625 0.7203125 0.0078125 0.0046875
0 0.9640625 0.6921875 0.009375 0.05
0 0.98984375 0.66171875 0.0203125 0.0109375
0 0.9796875 0.6234375 0.00625 0.00625
0 0.9609375 0.621875 0.0125 0.0390625
0 0.9890625 0.60703125 0.021875 0.0109375
0 0.94375 0.571875 0.009375 0.0375
0 0.9203125 0.475 0.00625 0.015625
0 0.9203125 0.453125 0.00625 0.0140625
0 0.9296875 0.453125 0.0078125 0.01875
0 0.928125 0.475 0.0046875 0.0140625
0 0.953125 0.475 0.00625 0.0140625
0 0.9703125 0.4546875 0.00625 0.015625
0 0.953125 0.45625 0.00625 0.0140625
0 0.9703125 0.4765625 0.00625 0.015625
0 0.978125 0.475 0.00625 0.0140625
0 0.99375 0.4765625 0.00625 0.015625
0 0.99921875 0.4546875 0.0015625 0.015625
0 0.803125 0.5765625 0.009375 0.028125
0 0.871875 0.4765625 0.00625 0.0171875
0 0.8453125 0.4734375 0.0078125 0.0171875
0 0.8203125 0.4765625 0.009375 0.0171875
0 0.7921875 0.4796875 0.009375 0.0234375
0 0.846875 0.625 0.0140625 0.0390625
0 0.83125 0.6234375 0.0140625 0.05