0 0.3984375 0.2734375 0.0625 0.034375
0 0.96796875 0.08203125 0.0640625 0.1640625
0 0.125 0.46171875 0.15625 0.0453125
0 0.184375 0.49921875 0.1625 0.1203125
0 0.9390625 0.7046875 0.121875 0.15
0 0.6015625 0.815625 0.009375 0.0125
0 0.6203125 0.8515625 0.0078125 0.009375
0 0.653125 0.8640625 0.00625 0.00625
0 0.640625 0.90625 0.00625 0.00625
0 0.5828125 0.8953125 0.00625 0.0078125
0 0.5828125 0.9265625 0.0046875 0.00625
0 0.553125 0.9609375 0.0046875 0.0078125
0 0.4328125 0.91953125 0.00625 0.0171875