0 0.74375 0.27109375 0.259375 0.2890625
0 0.93671875 0.56875 0.1265625 0.10625
0 0.13671875 0.65234375 0.1828125 0.0265625
0 0.42890625 0.7359375 0.0421875 0.140625
0 0.540625 0.8203125 0.0421875 0.021875
0 0.534375 0.7984375 0.0625 0.0265625
0 0.5515625 0.7734375 0.040625 0.0171875
0 0.546875 0.7515625 0.0609375 0.0265625
0 0.5625 0.7296875 0.046875 0.015625
0 0.5625 0.7125 0.0359375 0.0140625
0 0.4546875 0.70859375 0.009375 0.0109375
0 0.4578125 0.69375 0.015625 0.0125
0 0.45546875 0.67578125 0.0109375 0.0109375
0 0.5640625 0.6828125 0.040625 0.015625
0 0.565625 0.6640625 0.0515625 0.01875
0 0.5640625 0.6421875 0.040625 0.00625
0 0.45625 0.6453125 0.0125 0.0125
0 0.771875 0.7359375 0.2 0.115625
0 0.73515625 0.90546875 0.1265625 0.0984375