0 0.1625 0.04296875 0.284375 0.0859375
0 0.515625 0.01640625 0.090625 0.0328125
0 0.95859375 0.0421875 0.0828125 0.084375
0 0.240625 0.5515625 0.434375 0.21875
0 0.1515625 0.8328125 0.175 0.06875
0 0.584375 0.8046875 0.0171875 0.034375
0 0.5546875 0.8203125 0.0109375 0.0203125
0 0.5453125 0.8203125 0.0140625 0.028125
0 0.575 0.8421875 0.0109375 0.0203125
0 0.565625 0.8453125 0.0109375 0.021875
0 0.5453125 0.8546875 0.015625 0.0265625
0 0.5328125 0.8234375 0.0171875 0.0296875
0 0.478125 0.84609375 0.009375 0.0296875
0 0.48125 0.8828125 0.015625 0.028125
0 0.4859375 0.96796875 0.025 0.0421875