0 0.3015625 0.25625 0.009375 0.00625
0 0.4609375 0.1609375 0.0140625 0.00625
0 0.4234375 0.084375 0.0109375 0.0046875
0 0.9625 0.1625 0.075 0.325
0 0.0109375 0.953125 0.015625 0.0171875
0 0.040625 0.7984375 0.0140625 0.0125
0 0.0421875 0.8671875 0.015625 0.01875
0 0.071875 0.971875 0.015625 0.0171875
0 0.0875 0.8421875 0.0171875 0.025
0 0.1078125 0.89375 0.0171875 0.0203125
0 0.1359375 0.9515625 0.021875 0.0171875
0 0.1546875 0.8046875 0.00625 0.00625
0 0.16875 0.7921875 0.0203125 0.021875
0 0.01875 0.7546875 0.01875 0.0203125
0 0.1203125 0.753125 0.015625 0.0203125
0 0.103125 0.690625 0.028125 0.015625
0 0.0671875 0.6546875 0.021875 0.0140625
0 0.0375 0.675 0.0140625 0.015625
0 0.0328125 0.609375 0.01875 0.0140625
0 0.9140625 0.865625 0.171875 0.134375
0 0.7171875 0.8546875 0.190625 0.15625
0 0.6890625 0.6671875 0.1921875 0.19375