0 0.09375 0.2828125 0.1359375 0.2546875
0 0.3796875 0.390625 0.009375 0.009375
0 0.64375 0.359375 0.03125 0.0203125
0 0.65625 0.315625 0.03125 0.015625
0 0.6890625 0.321875 0.021875 0.0140625
0 0.721875 0.2359375 0.0375 0.0171875
0 0.6828125 0.2203125 0.028125 0.0140625
0 0.553125 0.2609375 0.00625 0.0125
0 0.58125 0.2625 0.0203125 0.0125
0 0.58125 0.2484375 0.01875 0.0109375
0 0.55859375 0.2109375 0.0171875 0.009375
0 0.59296875 0.20859375 0.0296875 0.0046875
0 0.11171875 0.4546875 0.0640625 0.03125
0 0.1921875 0.48671875 0.059375 0.0953125
0 0.89296875 0.47421875 0.2140625 0.0703125
0 0.646875 0.921875 0.19375 0.15625