0 0.0046875 0.140625 0.009375 0.040625
0 0.0234375 0.1296875 0.0171875 0.0640625
0 0.0484375 0.1375 0.015625 0.04375
0 0.06875 0.140625 0.015625 0.0375
0 0.090625 0.1234375 0.0234375 0.0640625
0 0.1140625 0.13125 0.0203125 0.0421875
0 0.0015625 0.025 0.003125 0.028125
0 0.028125 0.0234375 0.0125 0.0265625
0 0.0453125 0.0265625 0.0140625 0.0328125
0 0.0609375 0.025 0.0140625 0.03125
0 0.0921875 0.015625 0.0109375 0.0203125
0 0.140625 0.1265625 0.0171875 0.0390625
0 0.1234375 0.01171875 0.0125 0.0234375
0 0.1359375 0.01171875 0.015625 0.0234375
0 0.15234375 0.01015625 0.0140625 0.0203125
0 0.1796875 0.109375 0.0265625 0.059375
0 0.2 0.1109375 0.01875 0.0375
0 0.225 0.1015625 0.01875 0.034375
0 0.246875 0.0984375 0.0265625 0.046875
0 0.1671875 0.0078125 0.015625 0.015625
0 0.18125 0.00703125 0.01875 0.0140625
0 0.2734375 0.0859375 0.0203125 0.040625
0 0.28046875 0.07578125 0.0171875 0.0328125
0 0.51640625 0.0390625 0.0734375 0.078125
0 0.75625 0.384375 0.234375 0.090625
0 0.15546875 0.5234375 0.0953125 0.1875
0 0.40625 0.7640625 0.140625 0.2546875