0 0.26796875 0.31171875 0.3640625 0.2734375
0 0.94765625 0.00625 0.0109375 0.0125
0 0.99609375 0.06015625 0.0078125 0.0484375
0 0.984375 0.053125 0.01875 0.04375
0 0.9578125 0.0515625 0.0203125 0.053125
0 0.9359375 0.046875 0.015625 0.0421875
0 0.9328125 0.0046875 0.0125 0.009375
0 0.91484375 0.00546875 0.0109375 0.0109375
0 0.884375 0.0046875 0.0125 0.009375
0 0.9109375 0.05 0.0171875 0.053125
0 0.8640625 0.05 0.015625 0.040625
0 0.853125 0.0046875 0.0125 0.009375
0 0.83515625 0.0046875 0.0140625 0.009375
0 0.81953125 0.00546875 0.0140625 0.0109375
0 0.78828125 0.00703125 0.0109375 0.0140625
0 0.8421875 0.053125 0.0203125 0.0515625
0 0.81875 0.0546875 0.0265625 0.0578125
0 0.79375 0.065625 0.021875 0.0578125
0 0.771875 0.0609375 0.025 0.04375
0 0.7515625 0.0640625 0.021875 0.046875
0 0.7578125 0.0109375 0.0125 0.021875
0 0.7453125 0.0125 0.015625 0.025
0 0.72734375 0.0140625 0.0140625 0.028125
0 0.7140625 0.01875 0.015625 0.028125
0 0.7 0.021875 0.01875 0.03125
0 0.684375 0.03125 0.015625 0.025
0 0.73125 0.0671875 0.0171875 0.0359375
0 0.6984375 0.08125 0.03125 0.04375
0 0.6796875 0.090625 0.028125 0.046875
0 0.6609375 0.0984375 0.0265625 0.0390625
0 0.6546875 0.0421875 0.01875 0.03125
0 0.640625 0.046875 0.01875 0.0296875
0 0.628125 0.0578125 0.015625 0.021875
0 0.48828125 0.00703125 0.0234375 0.0140625
0 0.64375 0.103125 0.0265625 0.0421875
0 0.6125 0.0640625 0.01875 0.0265625
0 0.6265625 0.115625 0.025 0.040625
0 0.584375 0.078125 0.0203125 0.025
0 0.55625 0.09375 0.0234375 0.028125
0 0.6046875 0.115625 0.015625 0.0109375
0 0.5953125 0.1359375 0.0296875 0.028125
0 0.5765625 0.14375 0.0265625 0.0296875
0 0.75 0.2109375 0.0171875 0.0296875
0 0.7359375 0.2140625 0.015625 0.028125
0 0.7234375 0.2203125 0.015625 0.0265625
0 0.70625 0.2265625 0.0140625 0.028125
0 0.6953125 0.2296875 0.015625 0.0265625
0 0.68125 0.2359375 0.015625 0.028125
0 0.665625 0.2375 0.015625 0.028125
0 0.6859375 0.2640625 0.025 0.0125
0 0.709375 0.2546875 0.0140625 0.009375
0 0.75 0.24375 0.028125 0.0125
0 0.7671875 0.2046875 0.0203125 0.034375
0 0.7828125 0.1921875 0.0171875 0.046875
0 0.803125 0.19375 0.0171875 0.0484375
0 0.821875 0.1921875 0.0171875 0.046875
0 0.84375 0.190625 0.01875 0.05
0 0.83125 0.2484375 0.015625 0.034375
0 0.8484375 0.25 0.015625 0.0390625
0 0.8671875 0.25 0.015625 0.0421875
0 0.884375 0.1890625 0.01875 0.0546875
0 0.8875 0.2515625 0.01875 0.0484375
0 0.9046875 0.1875 0.01875 0.0546875
0 0.928125 0.1828125 0.01875 0.053125
0 0.95 0.1828125 0.01875 0.0578125
0 0.9703125 0.1859375 0.01875 0.05
0 0.9078125 0.25 0.0171875 0.0453125
0 0.928125 0.2484375 0.0140625 0.040625
0 0.946875 0.25 0.0171875 0.053125
0 0.9671875 0.2515625 0.0171875 0.05
0 0.9875 0.2484375 0.015625 0.04375
0 0.4375 0.8328125 0.0203125 0.0453125
0 0.4078125 0.8296875 0.0265625 0.0609375
0 0.3859375 0.81875 0.0234375 0.0484375
0 0.365625 0.8125 0.025 0.0546875
0 0.321875 0.7953125 0.021875 0.0421875
0 0.3 0.8015625 0.0265625 0.0625
0 0.275 0.784375 0.0171875 0.040625
0 0.253125 0.7890625 0.0265625 0.0609375
0 0.23125 0.7734375 0.015625 0.046875
0 0.2140625 0.7734375 0.0140625 0.0359375
0 0.3984375 0.9296875 0.01875 0.0375
0 0.3671875 0.9265625 0.015625 0.028125
0 0.3359375 0.9171875 0.015625 0.0296875
0 0.3203125 0.9140625 0.0125 0.0265625
0 0.303125 0.9109375 0.0125 0.028125
0 0.2890625 0.9078125 0.0171875 0.03125
0 0.2109375 0.890625 0.0109375 0.028125
0 0.3234375 0.959375 0.075 0.028125
0 0.2640625 0.953125 0.0171875 0.0484375
0 0.246875 0.9453125 0.01875 0.04375
0 0.2203125 0.94375 0.0203125 0.053125
0 0.1984375 0.9390625 0.015625 0.0421875
0 0.1953125 0.8859375 0.0125 0.0328125
0 0.178125 0.8890625 0.0109375 0.028125
0 0.184375 0.771875 0.015625 0.040625
0 0.165625 0.7703125 0.01875 0.0515625
0 0.140625 0.771875 0.0140625 0.040625
0 0.1203125 0.7828125 0.0171875 0.0640625
0 0.0953125 0.775 0.015625 0.04375
0 0.075 0.771875 0.015625 0.0375
0 0.053125 0.7890625 0.0234375 0.0640625
0 0.0296875 0.78125 0.0203125 0.0421875
0 0.146875 0.8875 0.0125 0.028125
0 0.1734375 0.9421875 0.0171875 0.053125
0 0.1265625 0.9421875 0.015625 0.040625
0 0.115625 0.8890625 0.0125 0.0265625
0 0.0984375 0.8859375 0.0140625 0.0328125
0 0.0828125 0.8875 0.0140625 0.03125
0 0.0515625 0.896875 0.0109375 0.0203125
0 0.1046875 0.9453125 0.0203125 0.0515625
0 0.08125 0.946875 0.0265625 0.0578125
0 0.05625 0.9578125 0.021875 0.0578125
0 0.034375 0.953125 0.025 0.04375
0 0.0140625 0.95625 0.021875 0.046875
0 0.00546875 0.78515625 0.0109375 0.0390625
0 0.0203125 0.9015625 0.0125 0.0265625
0 0.0078125 0.903125 0.015625 0.028125
0 0.946875 0.6984375 0.10625 0.203125
0 0.93359375 0.77109375 0.1328125 0.1390625
0 0.64921875 0.859375 0.2390625 0.28125