0 0.5625 0.7640625 0.0078125 0.003125
0 0.5828125 0.6796875 0.00625 0.00625
0 0.5546875 0.6515625 0.00625 0.00625
0 0.5359375 0.6296875 0.00625 0.00625
0 0.5328125 0.5578125 0.00625 0.00625
0 0.51875 0.5046875 0.0078125 0.00625
0 0.509375 0.4703125 0.0078125 0.00625
0 0.5828125 0.371875 0.0125 0.009375
0 0.546875 0.390625 0.009375 0.0078125
0 0.534375 0.4234375 0.00625 0.00625
0 0.4921875 0.4109375 0.00625 0.00625
0 0.503125 0.353125 0.0078125 0.00625
0 0.471875 0.353125 0.00625 0.0046875
0 0.4375 0.3234375 0.0078125 0.0046875
0 0.478125 0.2015625 0.0171875 0.0109375
0 0.8171875 0.090625 0.0296875 0.0140625