0 0.99140625 0.05234375 0.0171875 0.0390625
0 0.9234375 0.0921875 0.0234375 0.0203125
0 0.9140625 0.0796875 0.0375 0.034375
0 0.9046875 0.065625 0.034375 0.0328125
0 0.8890625 0.059375 0.0265625 0.028125
0 0.86875 0.040625 0.025 0.025
0 0.84453125 0.0140625 0.0328125 0.028125
0 0.834375 0.00703125 0.025 0.0140625
0 0.8171875 0.034375 0.015625 0.0140625
0 0.8296875 0.0484375 0.01875 0.01875
0 0.85625 0.078125 0.0109375 0.0125
0 0.79140625 0.1015625 0.0078125 0.00625
0 0.79765625 0.10234375 0.0203125 0.0046875
0 0.784375 0.09375 0.0203125 0.01875
0 0.7625 0.0703125 0.01875 0.0171875
0 0.7484375 0.053125 0.01875 0.0171875
0 0.7359375 0.0359375 0.021875 0.0203125
0 0.721875 0.021875 0.021875 0.0203125
0 0.715625 0.01015625 0.025 0.0203125
0 0.7015625 0.00703125 0.028125 0.0140625
0 0.58359375 0.0015625 0.0140625 0.003125
0 0.5921875 0.0078125 0.0140625 0.0109375
0 0.6 0.03125 0.0078125 0.009375
0 0.609375 0.040625 0.009375 0.009375
0 0.6359375 0.0484375 0.0453125 0.071875
0 0.7203125 0.084375 0.096875 0.040625
0 0.94921875 0.4203125 0.1015625 0.10625
0 0.83515625 0.69453125 0.3234375 0.2703125