0 0.5640625 0.3421875 0.0265625 0.0609375
0 0.5859375 0.3578125 0.015625 0.046875
0 0.603125 0.3578125 0.0140625 0.0359375
0 0.60625 0.240625 0.0109375 0.028125
0 0.55546875 0.17734375 0.0109375 0.0484375
0 0.5703125 0.1859375 0.01875 0.04375
0 0.596875 0.1875 0.0203125 0.053125
0 0.61875 0.1921875 0.015625 0.0421875
0 0.621875 0.2453125 0.0125 0.0328125
0 0.6390625 0.2421875 0.0109375 0.028125
0 0.6328125 0.359375 0.015625 0.040625
0 0.6515625 0.3609375 0.01875 0.0515625
0 0.6765625 0.359375 0.0140625 0.040625
0 0.696875 0.3484375 0.0171875 0.0640625
0 0.721875 0.35625 0.015625 0.04375
0 0.7421875 0.359375 0.015625 0.0375
0 0.7640625 0.3421875 0.0234375 0.0640625
0 0.7875 0.35 0.0203125 0.0421875
0 0.6703125 0.24375 0.0125 0.028125
0 0.64375 0.1890625 0.0171875 0.053125
0 0.690625 0.1890625 0.015625 0.040625
0 0.7015625 0.2421875 0.0125 0.0265625
0 0.71875 0.2453125 0.0140625 0.0328125
0 0.734375 0.24375 0.0140625 0.03125
0 0.765625 0.234375 0.0109375 0.0203125
0 0.7125 0.1859375 0.0203125 0.0515625
0 0.7359375 0.184375 0.0265625 0.0578125
0 0.7609375 0.1734375 0.021875 0.0578125
0 0.7828125 0.178125 0.025 0.04375
0 0.803125 0.175 0.021875 0.046875
0 0.8140625 0.3453125 0.0171875 0.0390625
0 0.796875 0.2296875 0.0125 0.0265625
0 0.809375 0.228125 0.015625 0.028125
0 0.8265625 0.225 0.0140625 0.0296875
0 0.853125 0.328125 0.0265625 0.059375
0 0.8734375 0.3296875 0.01875 0.0375
0 0.8984375 0.3203125 0.01875 0.034375
0 0.9203125 0.3171875 0.0265625 0.046875
0 0.840625 0.2203125 0.015625 0.028125
0 0.8546875 0.2171875 0.01875 0.03125
0 0.8703125 0.2078125 0.015625 0.025
0 0.8234375 0.171875 0.0171875 0.0359375
0 0.85625 0.1578125 0.03125 0.04375
0 0.875 0.1484375 0.028125 0.046875
0 0.89375 0.140625 0.0265625 0.0390625
0 0.9 0.196875 0.01875 0.03125
0 0.9140625 0.1921875 0.01875 0.0296875
0 0.9265625 0.18125 0.015625 0.021875
0 0.946875 0.3046875 0.0203125 0.040625
0 0.9578125 0.2953125 0.0234375 0.0328125
0 0.98125 0.278125 0.0265625 0.04375
0 0.99296875 0.2765625 0.0140625 0.04375
0 0.9109375 0.1359375 0.0265625 0.0421875
0 0.9421875 0.175 0.01875 0.0265625
0 0.928125 0.1234375 0.025 0.040625
0 0.9703125 0.1609375 0.0203125 0.025
0 0.99296875 0.1453125 0.0140625 0.028125
0 0.95 0.1234375 0.015625 0.0109375
0 0.959375 0.103125 0.0296875 0.028125
0 0.978125 0.0953125 0.0265625 0.0296875
0 0.8046875 0.028125 0.0171875 0.0296875
0 0.81875 0.025 0.015625 0.028125
0 0.83125 0.01875 0.015625 0.0265625
0 0.84765625 0.01328125 0.0140625 0.0265625
0 0.859375 0.0109375 0.015625 0.021875
0 0.8734375 0.00859375 0.015625 0.0171875
0 0.8890625 0.0078125 0.015625 0.015625
0 0.7875 0.034375 0.0203125 0.034375
0 0.771875 0.046875 0.0171875 0.046875
0 0.7515625 0.0453125 0.0171875 0.0484375
0 0.7328125 0.046875 0.0171875 0.046875
0 0.7109375 0.0484375 0.01875 0.05
0 0.7234375 0.00390625 0.015625 0.0078125
0 0.70625 0.00390625 0.015625 0.0078125
0 0.6875 0.0046875 0.015625 0.009375
0 0.6703125 0.05 0.01875 0.0546875
0 0.6671875 0.00546875 0.01875 0.0109375
0 0.65 0.0515625 0.01875 0.0546875
0 0.6265625 0.05625 0.01875 0.053125
0 0.6046875 0.05625 0.01875 0.0578125
0 0.584375 0.053125 0.01875 0.05
0 0.64609375 0.00546875 0.0171875 0.0109375
0 0.62578125 0.00546875 0.0140625 0.0109375
0 0.60703125 0.0078125 0.0171875 0.015625
0 0.58671875 0.00625 0.0171875 0.0125
0 0.5671875 0.00625 0.015625 0.0125
0 0.0390625 0.8296875 0.078125 0.13125
0 0.4765625 0.90859375 0.1375 0.1828125