0 0.015625 0.34921875 0.009375 0.0203125
0 0.009375 0.33515625 0.01875 0.0203125
0 0.00703125 0.32265625 0.0140625 0.0234375
0 0.00390625 0.29921875 0.0078125 0.0109375
0 0.01015625 0.4140625 0.0203125 0.071875
0 0.603125 0.38828125 0.075 0.0359375
0 0.82265625 0.43515625 0.1359375 0.0296875
0 0.14765625 0.48828125 0.2953125 0.0765625
0 0.021875 0.590625 0.0078125 0.0078125
0 0.096875 0.8578125 0.0265625 0.015625
0 0.1203125 0.8 0.028125 0.021875
0 0.2296875 0.784375 0.028125 0.0171875
0 0.190625 0.9609375 0.025 0.021875
0 0.125 0.9515625 0.034375 0.021875
0 0.153125 0.99609375 0.025 0.0078125
0 0.2578125 0.99140625 0.01875 0.0171875
0 0.284375 0.95 0.025 0.015625
0 0.89453125 0.92578125 0.2109375 0.1484375