0 0.321875 0.2453125 0.0140625 0.0125
0 0.3234375 0.3078125 0.015625 0.00625
0 0.36875 0.2890625 0.0171875 0.025
0 0.4359375 0.2515625 0.00625 0.00625
0 0.45 0.2390625 0.0203125 0.021875
0 0.4921875 0.290625 0.0125 0.021875
0 0.30703125 0.20078125 0.0046875 0.0203125
0 0.4015625 0.2 0.015625 0.0203125
0 0.384375 0.1375 0.028125 0.015625
0 0.3484375 0.1015625 0.021875 0.0140625
0 0.31875 0.121875 0.0140625 0.015625
0 0.3140625 0.05625 0.01875 0.0140625
0 0.4015625 0.00625 0.01875 0.0125
0 0.09609375 0.3140625 0.0140625 0.00625
0 0.1046875 0.3609375 0.0171875 0.0125
0 0.1359375 0.3875 0.015625 0.0140625
0 0.134375 0.4328125 0.0171875 0.0078125
0 0.178125 0.41875 0.021875 0.0171875
0 0.190625 0.359375 0.01875 0.0125
0 0.2078125 0.4015625 0.0171875 0.0125
0 0.23125 0.446875 0.01875 0.0125
0 0.234375 0.334375 0.0125 0.0171875
0 0.259375 0.4203125 0.0171875 0.0140625
0 0.2734375 0.31171875 0.01875 0.0015625
0 0.2859375 0.3515625 0.0171875 0.0140625
0 0.95546875 0.9640625 0.0890625 0.071875