0 0.18671875 0.03046875 0.0515625 0.0609375
0 0.10625 0.2875 0.2125 0.15625
0 0.2546875 0.2984375 0.00625 0.0125
0 0.271875 0.2984375 0.00625 0.0140625
0 0.215625 0.2140625 0.00625 0.009375
0 0.2609375 0.21484375 0.009375 0.0109375
0 0.2859375 0.215625 0.009375 0.0125
0 0.3328125 0.215625 0.009375 0.0125
0 0.296875 0.2984375 0.00625 0.0140625
0 0.3046875 0.296875 0.00625 0.01875
0 0.321875 0.3 0.00625 0.0125
0 0.3296875 0.296875 0.00625 0.0171875
0 0.3203125 0.3203125 0.00625 0.0171875
0 0.3140625 0.4203125 0.0109375 0.034375
0 0.309375 0.471875 0.0109375 0.046875
0 0.3875 0.56328125 0.003125 0.0046875
0 0.38671875 0.5359375 0.0046875 0.05
0 0.384375 0.46484375 0.009375 0.0390625
0 0.36875 0.415625 0.009375 0.0375
0 0.3453125 0.31875 0.00625 0.015625
0 0.3453125 0.296875 0.00625 0.0140625
0 0.3546875 0.296875 0.0078125 0.01875
0 0.353125 0.31875 0.0046875 0.0140625
0 0.378125 0.31875 0.00625 0.0140625
0 0.378125 0.3 0.00625 0.0140625
0 0.35625 0.2171875 0.009375 0.015625
0 0.228125 0.4203125 0.009375 0.028125
0 0.296875 0.3203125 0.00625 0.0171875
0 0.2703125 0.3171875 0.0078125 0.0171875
0 0.2453125 0.3203125 0.009375 0.0171875
0 0.2171875 0.3234375 0.009375 0.0234375
0 0.271875 0.46875 0.0140625 0.0390625
0 0.25625 0.4671875 0.0140625 0.05
0 0.3375 0.8734375 0.0703125 0.1515625
0 0.421875 0.7265625 0.065625 0.165625