0 0.16640625 0.47421875 0.0859375 0.1109375
0 0.53515625 0.509375 0.0234375 0.040625
0 0.5140625 0.5109375 0.009375 0.03125
0 0.5 0.5109375 0.0125 0.0328125
0 0.4828125 0.5125 0.0125 0.0296875
0 0.46875 0.5140625 0.009375 0.025
0 0.45390625 0.509375 0.0078125 0.03125
0 0.4578125 0.4375 0.0109375 0.0296875
0 0.471875 0.4390625 0.0125 0.03125
0 0.4859375 0.440625 0.009375 0.03125
0 0.5 0.4390625 0.0109375 0.0359375
0 0.515625 0.440625 0.0125 0.0328125
0 0.5328125 0.4375 0.0140625 0.0328125
0 0.5171875 0.3953125 0.009375 0.028125
0 0.5015625 0.396875 0.0125 0.0328125
0 0.4859375 0.3984375 0.009375 0.021875
0 0.471875 0.3953125 0.0109375 0.0296875
0 0.45625 0.396875 0.0125 0.0296875
0 0.5234375 0.2953125 0.0078125 0.0140625
0 0.4796875 0.32265625 0.059375 0.0296875
0 0.484375 0.290625 0.06875 0.025
0 0.48046875 0.09453125 0.0609375 0.0265625
0 0.4546875 0.05 0.009375 0.040625
0 0.465625 0.053125 0.0125 0.03125
0 0.48125 0.0546875 0.0109375 0.034375
0 0.4984375 0.0546875 0.0109375 0.028125
0 0.5203125 0.059375 0.0203125 0.053125
0 0.6640625 0.25625 0.01875 0.05
0 0.68125 0.2578125 0.015625 0.053125
0 0.653125 0.18125 0.0640625 0.0234375
0 0.3859375 0.78671875 0.128125 0.1578125
0 0.909375 0.5875 0.18125 0.115625