0 0.1375 0.08125 0.009375 0.0046875
0 0.67890625 0.2859375 0.2109375 0.228125
0 0.028125 0.56328125 0.01875 0.0515625
0 0.0109375 0.5640625 0.015625 0.05
0 0.009375 0.428125 0.01875 0.028125
0 0.49921875 0.51328125 0.0796875 0.1515625
0 0.178125 0.89375 0.13125 0.2125
0 0.503125 0.884375 0.071875 0.153125
0 0.596875 0.4984375 0.021875 0.0265625
0 0.85 0.8796875 0.0203125 0.0453125
0 0.8796875 0.8828125 0.0265625 0.0609375
0 0.9015625 0.89375 0.0234375 0.0484375
0 0.921875 0.9 0.025 0.0546875
0 0.965625 0.9171875 0.021875 0.0421875
0 0.98671875 0.9109375 0.0265625 0.0625
0 0.8890625 0.7828125 0.01875 0.0375
0 0.9203125 0.7859375 0.015625 0.028125
0 0.9515625 0.7953125 0.015625 0.0296875
0 0.9671875 0.7984375 0.0125 0.0265625
0 0.984375 0.8015625 0.0125 0.028125
0 0.99453125 0.8046875 0.0109375 0.03125
0 0.96328125 0.753125 0.0734375 0.028125