0 0.1796875 0.2734375 0.0640625 0.1046875
0 0.9609375 0.43203125 0.03125 0.0140625
0 0.99140625 0.43515625 0.0171875 0.0078125
0 0.98671875 0.33671875 0.0265625 0.0140625
0 0.846875 0.378125 0.0296875 0.0125
0 0.8859375 0.3796875 0.0203125 0.0125
0 0.8859375 0.365625 0.01875 0.0109375
0 0.8578125 0.3265625 0.028125 0.0140625
0 0.8984375 0.321875 0.0296875 0.0140625
0 0.90625 0.29375 0.03125 0.0140625
0 0.7671875 0.359375 0.0234375 0.0125
0 0.7421875 0.334375 0.0234375 0.0109375
0 0.771875 0.3484375 0.021875 0.009375
0 0.775 0.325 0.0234375 0.0109375
0 0.7453125 0.3234375 0.015625 0.009375
0 0.78125 0.3109375 0.025 0.0125
0 0.7828125 0.3 0.015625 0.009375
0 0.7953125 0.2625 0.028125 0.0109375
0 0.7953125 0.2515625 0.0234375 0.0140625
0 0.7984375 0.2375 0.021875 0.0125
0 0.8015625 0.228125 0.0140625 0.009375
0 0.7640625 0.25 0.015625 0.0078125
0 0.771875 0.2078125 0.0296875 0.021875
0 0.3921875 0.603125 0.1234375 0.1671875
0 0.7484375 0.53515625 0.11875 0.1921875