0 0.83046875 0.4359375 0.2046875 0.10625
0 0.5078125 0.53125 0.0296875 0.0234375
0 0.5140625 0.546875 0.0296875 0.0171875
0 0.54375 0.521875 0.028125 0.0171875
0 0.546875 0.534375 0.0234375 0.0140625
0 0.540625 0.55 0.00625 0.009375
0 0.5203125 0.559375 0.0265625 0.0140625
0 0.528125 0.575 0.0203125 0.0125
0 0.5328125 0.584375 0.0203125 0.0125
0 0.5359375 0.59375 0.0234375 0.0125
0 0.5421875 0.6015625 0.01875 0.0125
0 0.5578125 0.559375 0.0265625 0.0171875
0 0.5609375 0.571875 0.0140625 0.009375
0 0.5640625 0.58125 0.01875 0.0109375
0 0.56875 0.590625 0.028125 0.0125
0 0.5734375 0.6 0.01875 0.0109375
0 0.54375 0.6125 0.0265625 0.015625
0 0.5765625 0.609375 0.0203125 0.009375
0 0.546875 0.6234375 0.021875 0.0125
0 0.03359375 0.9234375 0.0671875 0.153125
0 0.62421875 0.56171875 0.0453125 0.0328125
0 0.653125 0.6109375 0.01875 0.0234375
0 0.7765625 0.6546875 0.021875 0.0125
0 0.6078125 0.921875 0.0171875 0.03125
0 0.8828125 0.96875 0.028125 0.021875