0 0.35546875 0.021875 0.2640625 0.04375
0 0.903125 0.075 0.19375 0.15
0 0.70390625 0.07578125 0.2578125 0.1515625
0 0.35 0.765625 0.1140625 0.25
0 0.653125 0.396875 0.009375 0.025
0 0.640625 0.3953125 0.0078125 0.025
0 0.628125 0.4 0.009375 0.0328125
0 0.6265625 0.48125 0.0125 0.0390625
0 0.7265625 0.4875 0.0078125 0.015625
0 0.8015625 0.4890625 0.00625 0.0125
0 0.81875 0.4890625 0.00625 0.0140625
0 0.7609375 0.396875 0.009375 0.0265625
0 0.8078125 0.3984375 0.009375 0.0265625
0 0.8328125 0.3984375 0.009375 0.028125
0 0.8796875 0.3984375 0.009375 0.028125
0 0.84375 0.4890625 0.00625 0.0140625
0 0.8515625 0.4875 0.00625 0.01875
0 0.86875 0.490625 0.00625 0.0125
0 0.8765625 0.4875 0.00625 0.0171875
0 0.8671875 0.5109375 0.00625 0.0171875
0 0.8609375 0.6109375 0.0109375 0.034375
0 0.85625 0.6625 0.0109375 0.046875
0 0.9671875 0.771875 0.028125 0.028125
0 0.971875 0.74375 0.00625 0.0046875
0 0.96875 0.7375 0.0375 0.0109375
0 0.9375 0.7546875 0.0078125 0.0046875
0 0.9359375 0.7265625 0.009375 0.05
0 0.965625 0.696875 0.028125 0.0109375
0 0.9515625 0.6578125 0.00625 0.00625
0 0.9328125 0.65625 0.0125 0.0390625
0 0.9671875 0.6421875 0.034375 0.0109375
0 0.915625 0.60625 0.009375 0.0375
0 0.8921875 0.509375 0.00625 0.015625
0 0.8921875 0.4875 0.00625 0.0140625
0 0.9015625 0.4875 0.0078125 0.01875
0 0.9 0.509375 0.0046875 0.0140625
0 0.925 0.509375 0.00625 0.0140625
0 0.9421875 0.4890625 0.00625 0.015625
0 0.925 0.490625 0.00625 0.0140625
0 0.9421875 0.5109375 0.00625 0.015625
0 0.95 0.509375 0.00625 0.0140625
0 0.965625 0.5109375 0.00625 0.015625
0 0.903125 0.4 0.009375 0.03125
0 0.9046875 0.3703125 0.00625 0.0046875
0 0.91328125 0.36328125 0.0078125 0.0265625
0 0.95 0.3953125 0.0078125 0.0234375
0 0.9359375 0.36875 0.00625 0.0140625
0 0.9515625 0.3640625 0.0078125 0.025
0 0.9625 0.3640625 0.0078125 0.0265625
0 0.99609375 0.4 0.0078125 0.028125
0 0.9734375 0.4890625 0.00625 0.015625
0 0.99765625 0.509375 0.0046875 0.015625
0 0.99296875 0.80234375 0.0140625 0.0328125
0 0.5953125 0.3859375 0.003125 0.0046875
0 0.6046875 0.3953125 0.009375 0.0234375
0 0.59375 0.3984375 0.0078125 0.028125
0 0.58125 0.3984375 0.0078125 0.028125
0 0.58203125 0.36171875 0.0109375 0.0234375
0 0.775 0.6109375 0.009375 0.028125
0 0.84375 0.5109375 0.00625 0.0171875
0 0.8171875 0.5078125 0.0078125 0.0171875
0 0.7921875 0.5109375 0.009375 0.0171875
0 0.7640625 0.5140625 0.009375 0.0234375
0 0.7015625 0.5171875 0.0109375 0.0296875
0 0.6796875 0.5125 0.009375 0.021875
0 0.65 0.5203125 0.0125 0.034375
0 0.81875 0.659375 0.0140625 0.0390625
0 0.803125 0.6578125 0.0140625 0.05
0 0.653125 0.6203125 0.034375 0.0359375
0 0.58125 0.55625 0.0328125 0.0328125