0 0.346875 0.39296875 0.025 0.0453125
0 0.196875 0.4171875 0.23125 0.09375
0 0.57890625 0.05703125 0.0671875 0.1140625
0 0.2265625 0.63125 0.0265625 0.021875
0 0.00625 0.95 0.0125 0.015625
0 0.06875 0.834375 0.0171875 0.0109375
0 0.53203125 0.71328125 0.0515625 0.1296875
0 0.953125 0.57890625 0.040625 0.0390625
0 0.45859375 0.96328125 0.1984375 0.0734375
0 0.5609375 0.93125 0.00625 0.009375
0 0.60625 0.93203125 0.009375 0.0109375
0 0.63125 0.9328125 0.009375 0.0125
0 0.678125 0.9328125 0.009375 0.0125
0 0.7015625 0.934375 0.009375 0.015625
0 0.74765625 0.9296875 0.0078125 0.00625
0 0.7953125 0.93359375 0.009375 0.0140625
0 0.80625 0.93125 0.009375 0.009375
0 0.8296875 0.93203125 0.009375 0.0109375
0 0.85390625 0.9328125 0.0078125 0.0125
0 0.88359375 0.99453125 0.0109375 0.0109375
0 0.87734375 0.93359375 0.0109375 0.0140625
0 0.88828125 0.9296875 0.0078125 0.00625
0 0.90078125 0.93125 0.0078125 0.009375
0 0.934375 0.9953125 0.009375 0.009375
0 0.9828125 0.996875 0.009375 0.00625
0 0.9484375 0.9328125 0.009375 0.0125
0 0.96015625 0.92890625 0.0078125 0.0046875
0 0.9828125 0.9328125 0.009375 0.0125