0 0.08125 0.2015625 0.0890625 0.128125
0 0.865625 0.2390625 0.0046875 0.0078125
0 0.5328125 0.4140625 0.265625 0.171875
0 0.053125 0.6359375 0.0046875 0.003125
0 0.040625 0.6390625 0.0234375 0.00625
0 0.33125 0.5359375 0.00625 0.00625
0 0.328125 0.5328125 0.009375 0.0078125
0 0.3234375 0.525 0.009375 0.009375
0 0.315625 0.55 0.021875 0.0171875
0 0.31875 0.5671875 0.009375 0.009375
0 0.325 0.575 0.0140625 0.0109375
0 0.3328125 0.584375 0.0140625 0.0109375
0 0.340625 0.6078125 0.0078125 0.009375
0 0.35 0.6171875 0.009375 0.009375
0 0.3765625 0.625 0.0453125 0.071875
0 0.08203125 0.93125 0.1640625 0.1375
0 0.96953125 0.7625 0.0609375 0.234375