0 0.503125 0.1828125 0.18125 0.090625
0 0.32265625 0.93203125 0.0140625 0.0140625
0 0.290625 0.775 0.0234375 0.009375
0 0.31796875 0.6734375 0.0234375 0.0125
0 0.29375 0.6484375 0.0234375 0.0109375
0 0.32109375 0.6625 0.0171875 0.009375
0 0.321875 0.63828125 0.015625 0.0109375
0 0.296875 0.6375 0.015625 0.009375
0 0.325 0.625 0.009375 0.0125
0 0.328125 0.6140625 0.003125 0.009375
0 0.315625 0.5640625 0.015625 0.0078125
0 0.31875 0.521875 0.021875 0.021875
0 0.23125 0.48125 0.021875 0.003125
0 0.23125 0.4890625 0.0203125 0.0140625
0 0.215625 0.5015625 0.0203125 0.0140625
0 0.215625 0.515625 0.028125 0.0203125
0 0.196875 0.5390625 0.015625 0.0109375
0 0.1921875 0.55625 0.025 0.0171875
0 0.19375 0.5734375 0.0171875 0.0109375
0 0.1765625 0.5625 0.01875 0.0109375
0 0.175 0.6 0.0234375 0.0125
0 0.1734375 0.7765625 0.0421875 0.0125
0 0.1609375 0.8484375 0.0375 0.009375
0 0.45625 0.596875 0.203125 0.2171875