0 0.4265625 0.1875 0.053125 0.0859375
0 0.90703125 0.05625 0.1859375 0.1125
0 0.0078125 0.3171875 0.0109375 0.028125
0 0.0234375 0.3171875 0.009375 0.0296875
0 0.00625 0.3625 0.0125 0.0328125
0 0.021875 0.3640625 0.0109375 0.0359375
0 0.00859375 0.46875 0.0171875 0.028125
0 0.009375 0.58125 0.0109375 0.0171875
0 0.0015625 0.6984375 0.003125 0.025
0 0.0046875 0.934375 0.009375 0.13125
0 0.3953125 0.6171875 0.146875 0.0625
0 0.5625 0.33203125 0.10625 0.1265625
0 0.98046875 0.525 0.0390625 0.115625
0 0.765625 0.86796875 0.159375 0.1015625