0 0.25234375 0.340625 0.1734375 0.16875
0 0.88125 0.671875 0.084375 0.071875
0 0.965625 0.18671875 0.06875 0.0796875
0 0.26875 0.815625 0.09375 0.06875
0 0.6453125 0.971875 0.0109375 0.0171875
0 0.5859375 0.85 0.0109375 0.0265625
0 0.4828125 0.965625 0.00625 0.021875
0 0.3890625 0.74375 0.0046875 0.0046875
0 0.44375 0.7625 0.00625 0.0046875
0 0.4390625 0.8578125 0.0046875 0.003125
0 0.446875 0.78125 0.0109375 0.0359375
0 0.3921875 0.928125 0.0109375 0.021875
0 0.43125 0.878125 0.01875 0.034375
0 0.3671875 0.8796875 0.0125 0.025
0 0.390625 0.75625 0.009375 0.021875
0 0.928125 0.790625 0.0890625 0.0421875