0 0.1296875 0.175 0.1015625 0.0859375
0 0.653125 0.1984375 0.1046875 0.11875
0 0.1328125 0.6796875 0.253125 0.2875
0 0.8265625 0.50234375 0.346875 0.2734375
0 0.95234375 0.9921875 0.0234375 0.015625
0 0.9328125 0.9875 0.025 0.025
0 0.8890625 0.98203125 0.021875 0.0359375
0 0.86640625 0.98046875 0.0265625 0.0390625
0 0.8421875 0.975 0.0171875 0.040625
0 0.81953125 0.97421875 0.0265625 0.0515625
0 0.7984375 0.9640625 0.015625 0.046875
0 0.78125 0.9640625 0.0140625 0.0359375
0 0.7515625 0.9625 0.015625 0.040625
0 0.7328125 0.9609375 0.01875 0.0515625
0 0.7078125 0.9625 0.0140625 0.040625
0 0.68671875 0.9703125 0.0171875 0.059375
0 0.6625 0.965625 0.015625 0.04375
0 0.6421875 0.9625 0.015625 0.0375
0 0.61953125 0.9734375 0.0234375 0.053125
0 0.603125 0.97109375 0.00625 0.0421875