0 0.25625 0.2359375 0.184375 0.1109375
0 0.7265625 0.35625 0.1015625 0.05
0 0.1203125 0.7046875 0.1703125 0.1015625
0 0.7390625 0.890625 0.0109375 0.0203125
0 0.971875 0.4609375 0.015625 0.0296875
0 0.965625 0.575 0.021875 0.028125
0 0.9703125 0.6578125 0.025 0.01875
0 0.934375 0.5265625 0.015625 0.028125
0 0.86875 0.575 0.0265625 0.009375
0 0.93125 0.61875 0.025 0.0171875
0 0.821875 0.6390625 0.0265625 0.03125
0 0.8859375 0.6703125 0.034375 0.015625
0 0.84375 0.7171875 0.021875 0.009375
0 0.803125 0.725 0.0171875 0.0078125
0 0.946875 0.7 0.0265625 0.0109375
0 0.9140625 0.740625 0.021875 0.009375
0 0.9515625 0.7859375 0.021875 0.009375
0 0.971875 0.85 0.0171875 0.0203125
0 0.865625 0.759375 0.0203125 0.009375
0 0.86875 0.803125 0.021875 0.009375
0 0.8890625 0.8453125 0.021875 0.009375
0 0.8390625 0.8609375 0.0109375 0.015625
0 0.8125 0.771875 0.01875 0.009375
0 0.7734375 0.7765625 0.0203125 0.009375
0 0.728125 0.8078125 0.0203125 0.028125
0 0.7890625 0.8390625 0.0234375 0.025
0 0.7953125 0.8984375 0.0140625 0.0265625
0 0.84375 0.909375 0.015625 0.0296875
0 0.815625 0.95 0.0109375 0.0203125
0 0.790625 0.9421875 0.00625 0.0140625
0 0.78125 0.940625 0.00625 0.015625
0 0.7734375 0.94375 0.0078125 0.0234375
0 0.746875 0.934375 0.0078125 0.0125
0 0.73125 0.9296875 0.00625 0.0125
0 0.721875 0.9296875 0.0078125 0.0171875
0 0.6859375 0.9234375 0.0109375 0.01875
0 0.6765625 0.91875 0.0109375 0.0171875
0 0.7265625 0.8828125 0.0125 0.0296875
0 0.709375 0.8796875 0.0171875 0.028125
0 0.6875 0.8671875 0.0234375 0.0328125
0 0.6171875 0.7453125 0.0203125 0.028125
0 0.596875 0.7828125 0.025 0.040625
0 0.575 0.8265625 0.0203125 0.03125