0 0.25859375 0.0328125 0.1046875 0.065625
0 0.57265625 0.14375 0.0921875 0.1875
0 0.08828125 0.58203125 0.1015625 0.0546875
0 0.2046875 0.4390625 0.1703125 0.1671875
0 0.58125 0.359375 0.075 0.134375
0 0.6875 0.596875 0.00625 0.00625
0 0.659375 0.56875 0.00625 0.00625
0 0.640625 0.546875 0.00625 0.00625
0 0.6375 0.475 0.00625 0.00625
0 0.6234375 0.421875 0.0078125 0.00625
0 0.6875 0.2890625 0.0125 0.009375
0 0.6515625 0.3078125 0.009375 0.0078125
0 0.6390625 0.340625 0.00625 0.00625
0 0.37265625 0.66171875 0.1890625 0.1046875
0 0.6484375 0.8953125 0.059375 0.209375