0 0.0140625 0.040625 0.00625 0.00625
0 0.028125 0.09375 0.0078125 0.00625
0 0.0375 0.128125 0.0078125 0.00625
0 0.00234375 0.20703125 0.0046875 0.0078125
0 0.0125 0.175 0.00625 0.00625
0 0.0546875 0.1875 0.00625 0.00625
0 0.04375 0.2453125 0.0078125 0.00625
0 0.075 0.2453125 0.00625 0.0046875
0 0.109375 0.275 0.0078125 0.0046875
0 0.5125 0.346875 0.0515625 0.046875
0 0.8578125 0.440625 0.00625 0.00625
0 0.84375 0.3875 0.0078125 0.00625
0 0.834375 0.353125 0.0078125 0.00625
0 0.9078125 0.2546875 0.0125 0.009375
0 0.871875 0.2734375 0.009375 0.0078125
0 0.859375 0.30625 0.00625 0.00625
0 0.8171875 0.29375 0.00625 0.00625
0 0.828125 0.2359375 0.0078125 0.00625
0 0.796875 0.2359375 0.00625 0.0046875
0 0.7625 0.20625 0.0078125 0.0046875
0 0.803125 0.084375 0.0171875 0.0109375
0 0.1203125 0.646875 0.1125 0.09375
0 0.73125 0.6171875 0.24375 0.10625