0 0.171875 0.19375 0.0140625 0.00625
0 0.1125 0.0359375 0.0125 0.0171875
0 0.49609375 0.1484375 0.0203125 0.01875
0 0.7015625 0.2328125 0.021875 0.0265625
0 0.01796875 0.67421875 0.0359375 0.1265625
0 0.75703125 0.68828125 0.0515625 0.1296875
0 0.65078125 0.95078125 0.2640625 0.0984375
0 0.825 0.990625 0.00625 0.0125
0 0.8421875 0.990625 0.00625 0.0140625
0 0.7859375 0.90625 0.00625 0.009375
0 0.83125 0.90703125 0.009375 0.0109375
0 0.85625 0.9078125 0.009375 0.0125
0 0.903125 0.9078125 0.009375 0.0125
0 0.8671875 0.990625 0.00625 0.0140625
0 0.875 0.9890625 0.00625 0.01875
0 0.8921875 0.9921875 0.00625 0.0125
0 0.9 0.9890625 0.00625 0.0171875
0 0.915625 0.9890625 0.00625 0.0140625
0 0.925 0.9890625 0.0078125 0.01875
0 0.965625 0.990625 0.00625 0.015625
0 0.9484375 0.9921875 0.00625 0.0140625
0 0.9265625 0.909375 0.009375 0.015625
0 0.97265625 0.9046875 0.0078125 0.00625
0 0.996875 0.990625 0.00625 0.015625