0 0.00625 0.1125 0.0046875 0.003125
0 0.01328125 0.109375 0.0140625 0.00625
0 0.3109375 0.1140625 0.0234375 0.01875
0 0.2515625 0.29375 0.0234375 0.0140625
0 0.49609375 0.27265625 0.0921875 0.1328125
0 0.2625 0.5 0.003125 0.0078125
0 0.24375 0.425 0.0046875 0.00625
0 0.2359375 0.4046875 0.015625 0.040625
0 0.246875 0.496875 0.028125 0.0109375
0 0.171875 0.653125 0.0140625 0.0125
0 0.109375 0.59375 0.0203125 0.009375
0 0.059375 0.559375 0.0078125 0.0125
0 0.15625 0.5234375 0.021875 0.0140625
0 0.1625 0.44375 0.01875 0.0109375
0 0.08125 0.4203125 0.0140625 0.01875
0 0.4453125 0.609375 0.009375 0.015625
0 0.3203125 0.63125 0.009375 0.009375
0 0.3109375 0.834375 0.021875 0.0234375
0 0.8671875 0.5765625 0.13125 0.159375