0 0.12109375 0.50625 0.2421875 0.0875
0 0.896875 0.4171875 0.0953125 0.1140625
0 0.69765625 0.746875 0.0109375 0.040625
0 0.7171875 0.7421875 0.0265625 0.0609375
0 0.7390625 0.7578125 0.015625 0.046875
0 0.75625 0.7578125 0.0140625 0.0359375
0 0.759375 0.640625 0.0109375 0.028125
0 0.70625 0.578125 0.0171875 0.0484375
0 0.7234375 0.5859375 0.01875 0.04375
0 0.75 0.5875 0.0203125 0.053125
0 0.771875 0.5921875 0.015625 0.0421875
0 0.775 0.6453125 0.0125 0.0328125
0 0.7921875 0.6421875 0.0109375 0.028125
0 0.7859375 0.759375 0.015625 0.040625
0 0.8046875 0.7609375 0.01875 0.0515625
0 0.8296875 0.759375 0.0140625 0.040625
0 0.85 0.7484375 0.0171875 0.0640625
0 0.875 0.75625 0.015625 0.04375
0 0.8953125 0.759375 0.015625 0.0375
0 0.9171875 0.7421875 0.0234375 0.0640625
0 0.940625 0.75 0.0203125 0.0421875
0 0.8234375 0.64375 0.0125 0.028125
0 0.796875 0.5890625 0.0171875 0.053125
0 0.84375 0.5890625 0.015625 0.040625
0 0.8546875 0.6421875 0.0125 0.0265625
0 0.871875 0.6453125 0.0140625 0.0328125
0 0.8875 0.64375 0.0140625 0.03125
0 0.91875 0.634375 0.0109375 0.0203125
0 0.865625 0.5859375 0.0203125 0.0515625
0 0.8890625 0.584375 0.0265625 0.0578125
0 0.9140625 0.57578125 0.021875 0.0515625
0 0.9359375 0.578125 0.025 0.04375
0 0.95625 0.575 0.021875 0.046875
0 0.9671875 0.7453125 0.0171875 0.0390625
0 0.95 0.6296875 0.0125 0.0265625
0 0.9625 0.628125 0.015625 0.028125
0 0.9796875 0.625 0.0140625 0.0296875
0 0.99609375 0.728125 0.0078125 0.059375
0 0.99296875 0.6203125 0.0140625 0.028125
0 0.9765625 0.571875 0.0171875 0.0359375