0 0.4609375 0.0875 0.015625 0.009375
0 0.396875 0.0828125 0.0078125 0.0078125
0 0.6 0.31484375 0.03125 0.1296875
0 0.246875 0.7171875 0.053125 0.0734375
0 0.13125 0.8140625 0.0640625 0.0734375
0 0.5015625 0.71875 0.021875 0.0421875
0 0.5234375 0.7125 0.0265625 0.0625
0 0.5484375 0.7296875 0.0171875 0.040625
0 0.5703125 0.725 0.0265625 0.0609375
0 0.5921875 0.740625 0.015625 0.046875
0 0.609375 0.740625 0.0140625 0.0359375
0 0.4921875 0.59609375 0.00625 0.0296875
0 0.503125 0.6 0.0125 0.0265625
0 0.5203125 0.603125 0.0125 0.028125
0 0.534375 0.60625 0.0171875 0.03125
0 0.6125 0.6234375 0.0109375 0.028125
0 0.51328125 0.5546875 0.0484375 0.028125
0 0.559375 0.5609375 0.0171875 0.0484375
0 0.5765625 0.56875 0.01875 0.04375
0 0.603125 0.5703125 0.0203125 0.053125
0 0.625 0.575 0.015625 0.0421875
0 0.628125 0.628125 0.0125 0.0328125
0 0.6453125 0.625 0.0109375 0.028125
0 0.6390625 0.7421875 0.015625 0.040625
0 0.6578125 0.74375 0.01875 0.0515625
0 0.6828125 0.7421875 0.0140625 0.040625
0 0.703125 0.73125 0.0171875 0.0640625
0 0.728125 0.7390625 0.015625 0.04375
0 0.7484375 0.7421875 0.015625 0.0375
0 0.7703125 0.725 0.0234375 0.0640625
0 0.79375 0.7328125 0.0203125 0.0421875
0 0.6765625 0.6265625 0.0125 0.028125
0 0.65 0.571875 0.0171875 0.053125
0 0.696875 0.571875 0.015625 0.040625
0 0.7078125 0.625 0.0125 0.0265625
0 0.725 0.628125 0.0140625 0.0328125
0 0.740625 0.6265625 0.0140625 0.03125
0 0.771875 0.6171875 0.0109375 0.0203125
0 0.71875 0.56875 0.0203125 0.0515625
0 0.7421875 0.5671875 0.0265625 0.0578125
0 0.7671875 0.55625 0.021875 0.0578125
0 0.7890625 0.5609375 0.025 0.04375
0 0.809375 0.5578125 0.021875 0.046875
0 0.8203125 0.728125 0.0171875 0.0390625
0 0.803125 0.6125 0.0125 0.0265625
0 0.815625 0.6109375 0.015625 0.028125
0 0.8328125 0.6078125 0.0140625 0.0296875
0 0.859375 0.7109375 0.0265625 0.059375
0 0.8796875 0.7125 0.01875 0.0375
0 0.9046875 0.703125 0.01875 0.034375
0 0.9265625 0.7 0.0265625 0.046875
0 0.846875 0.603125 0.015625 0.028125
0 0.8609375 0.6 0.01875 0.03125
0 0.8765625 0.590625 0.015625 0.025
0 0.8296875 0.5546875 0.0171875 0.0359375
0 0.8625 0.540625 0.03125 0.04375
0 0.88125 0.53125 0.028125 0.046875
0 0.9 0.5234375 0.0265625 0.0390625
0 0.90625 0.5796875 0.01875 0.03125
0 0.9203125 0.575 0.01875 0.0296875
0 0.9328125 0.5640625 0.015625 0.021875
0 0.953125 0.6875 0.0203125 0.040625
0 0.9640625 0.678125 0.0234375 0.0328125
0 0.98671875 0.6609375 0.0265625 0.04375
0 0.99609375 0.659375 0.0078125 0.04375
0 0.9171875 0.51875 0.0265625 0.0421875
0 0.9484375 0.5578125 0.01875 0.0265625
0 0.934375 0.50625 0.025 0.040625
0 0.9765625 0.54375 0.0203125 0.025
0 0.99609375 0.528125 0.0078125 0.028125
0 0.95625 0.50625 0.015625 0.0109375
0 0.965625 0.4859375 0.0296875 0.028125
0 0.984375 0.478125 0.0265625 0.0296875
0 0.8109375 0.4109375 0.0171875 0.0296875
0 0.825 0.4078125 0.015625 0.028125
0 0.8375 0.4015625 0.015625 0.0265625
0 0.8546875 0.3953125 0.0140625 0.028125
0 0.865625 0.3921875 0.015625 0.025
0 0.8796875 0.38984375 0.015625 0.0203125
0 0.8953125 0.3890625 0.015625 0.01875
0 0.8109375 0.38203125 0.028125 0.0046875
0 0.79375 0.4171875 0.0203125 0.034375
0 0.778125 0.4296875 0.0171875 0.046875
0 0.7578125 0.428125 0.0171875 0.0484375
0 0.7390625 0.4296875 0.0171875 0.046875
0 0.7171875 0.43125 0.01875 0.05
0 0.7296875 0.38515625 0.015625 0.0109375
0 0.7125 0.38515625 0.015625 0.0109375
0 0.69375 0.3859375 0.015625 0.0125
0 0.6765625 0.4328125 0.01875 0.0546875
0 0.6734375 0.38671875 0.01875 0.0140625
0 0.65625 0.434375 0.01875 0.0546875
0 0.6328125 0.4390625 0.01875 0.053125
0 0.6109375 0.4390625 0.01875 0.0578125
0 0.590625 0.4359375 0.01875 0.05
0 0.54375 0.440625 0.01875 0.0609375
0 0.525 0.4390625 0.01875 0.053125
0 0.5015625 0.440625 0.0171875 0.059375
0 0.65234375 0.38671875 0.0171875 0.0140625
0 0.63203125 0.38671875 0.0140625 0.0140625
0 0.61328125 0.3890625 0.0171875 0.01875
0 0.59296875 0.3875 0.0171875 0.015625
0 0.5734375 0.3875 0.015625 0.015625
0 0.55234375 0.3890625 0.0171875 0.01875
0 0.534375 0.3875 0.015625 0.015625
0 0.51484375 0.38828125 0.0171875 0.0171875
0 0.49609375 0.38984375 0.0140625 0.0203125