0 0.4359375 0.04296875 0.13125 0.0859375
0 0.4578125 0.3484375 0.196875 0.1625
0 0.3359375 0.5859375 0.03125 0.0203125
0 0.34609375 0.5421875 0.0265625 0.015625
0 0.234375 0.4875 0.0296875 0.0125
0 0.2734375 0.4890625 0.0203125 0.0125
0 0.2734375 0.475 0.01875 0.0109375
0 0.2453125 0.4359375 0.028125 0.0125
0 0.28515625 0.43359375 0.0296875 0.0078125
0 0.1953125 0.7640625 0.0328125 0.0171875
0 0.1671875 0.728125 0.0296875 0.0140625
0 0.2109375 0.5671875 0.028125 0.0140625
0 0.1265625 0.5703125 0.0234375 0.009375
0 0.1546875 0.46875 0.0234375 0.0125
0 0.1296875 0.44375 0.0234375 0.0109375
0 0.159375 0.4578125 0.021875 0.009375
0 0.16171875 0.434375 0.0234375 0.009375
0 0.1328125 0.43359375 0.015625 0.0078125
0 0.01484375 0.571875 0.0296875 0.0125
0 0.0078125 0.64375 0.015625 0.009375
0 0.39453125 0.85078125 0.0703125 0.1140625