0 0.7140625 0.08515625 0.13125 0.1703125
0 0.97265625 0.33984375 0.0546875 0.1421875
0 0.96875 0.7890625 0.0265625 0.01875
0 0.92265625 0.99609375 0.0171875 0.0078125
0 0.79375 0.984375 0.025 0.0171875
0 0.8453125 0.9640625 0.0203125 0.0171875
0 0.903125 0.9359375 0.0171875 0.021875
0 0.75625 0.9171875 0.00625 0.00625
0 0.74375 0.903125 0.021875 0.0203125
0 0.7953125 0.8609375 0.021875 0.0125
0 0.8453125 0.809375 0.0234375 0.025
0 0.7609375 0.809375 0.015625 0.0203125
0 0.8 0.75 0.015625 0.015625
0 0.9109375 0.665625 0.0078125 0.0078125
0 0.890625 0.65 0.0328125 0.0265625
0 0.9390625 0.6 0.01875 0.021875
0 0.8640625 0.5640625 0.03125 0.021875
0 0.9171875 0.55 0.03125 0.028125
0 0.64375 0.5921875 0.0171875 0.015625
0 0.6265625 0.5328125 0.0234375 0.0203125
0 0.5640625 0.5546875 0.025 0.0171875
0 0.50625 0.5765625 0.015625 0.0171875
0 0.6859375 0.6515625 0.0203125 0.0203125
0 0.7171875 0.715625 0.025 0.028125
0 0.678125 0.7703125 0.0140625 0.0171875
0 0.6484375 0.728125 0.015625 0.0171875
0 0.5671875 0.6890625 0.015625 0.0203125
0 0.59375 0.7359375 0.0234375 0.0234375
0 0.525 0.7359375 0.01875 0.0140625
0 0.553125 0.8015625 0.0171875 0.01875
0 0.6265625 0.80625 0.021875 0.01875
0 0.70625 0.8125 0.015625 0.015625
0 0.7046875 0.9515625 0.0203125 0.015625
0 0.6421875 0.96875 0.015625 0.028125
0 0.60546875 0.996875 0.0140625 0.00625
0 0.48203125 0.996875 0.0171875 0.00625
0 0.4234375 0.99140625 0.0125 0.0171875
0 0.465625 0.975 0.0125 0.0171875
0 0.5109375 0.9515625 0.0125 0.01875
0 0.3625 0.965625 0.0140625 0.0171875
0 0.3984375 0.9484375 0.0171875 0.0125
0 0.484375 0.9234375 0.0140625 0.0171875
0 0.3734375 0.909375 0.0078125 0.01875
0 0.415625 0.896875 0.0140625 0.0171875
0 0.3609375 0.871875 0.0125 0.0171875
0 0.45 0.859375 0.01875 0.0203125
0 0.5015625 0.8203125 0.0171875 0.0171875
0 0.471875 0.759375 0.0171875 0.0140625
0 0.3421875 0.7375 0.0125 0.01875
0 0.296875 0.746875 0.015625 0.0109375
0 0.3046875 0.6921875 0.021875 0.015625
0 0.4734375 0.64375 0.0140625 0.01875
0 0.3125 0.6140625 0.0171875 0.01875
0 0.4359375 0.5484375 0.0203125 0.0203125
0 0.3703125 0.5484375 0.01875 0.0203125
0 0.29453125 0.56015625 0.0109375 0.0203125