0 0.13203125 0.4828125 0.0234375 0.040625
0 0.1109375 0.484375 0.009375 0.03125
0 0.096875 0.484375 0.0125 0.0328125
0 0.0796875 0.4859375 0.0125 0.0296875
0 0.065625 0.4875 0.009375 0.025
0 0.05078125 0.4828125 0.0078125 0.03125
0 0.0546875 0.4109375 0.0109375 0.0296875
0 0.06875 0.4125 0.0125 0.03125
0 0.0828125 0.4140625 0.009375 0.03125
0 0.096875 0.4125 0.0109375 0.0359375
0 0.1125 0.4140625 0.0125 0.0328125
0 0.1296875 0.4109375 0.0140625 0.0328125
0 0.1140625 0.36875 0.009375 0.028125
0 0.0984375 0.3703125 0.0125 0.0328125
0 0.0828125 0.371875 0.009375 0.021875
0 0.06875 0.36875 0.0109375 0.0296875
0 0.053125 0.3703125 0.0125 0.0296875
0 0.1203125 0.26875 0.0078125 0.0140625
0 0.0765625 0.29609375 0.059375 0.0296875
0 0.08125 0.2640625 0.06875 0.025
0 0.07734375 0.06796875 0.0609375 0.0265625
0 0.0515625 0.0234375 0.009375 0.040625
0 0.0625 0.0265625 0.0125 0.03125
0 0.078125 0.028125 0.0109375 0.034375
0 0.0953125 0.028125 0.0109375 0.028125
0 0.1171875 0.0328125 0.0203125 0.053125
0 0.2609375 0.2296875 0.01875 0.05
0 0.278125 0.23125 0.015625 0.053125
0 0.25 0.1546875 0.0640625 0.0234375
0 0.71875 0.0046875 0.0375 0.009375
0 0.1109375 0.646875 0.078125 0.0859375
0 0.46875 0.5609375 0.121875 0.0625
0 0.5453125 0.7078125 0.03125 0.090625
0 0.93359375 0.58515625 0.1328125 0.1109375