0 0.809375 0.3828125 0.0109375 0.0203125
0 0.9984375 0.01875 0.003125 0.028125
0 0.9390625 0.0671875 0.0265625 0.009375
0 0.99453125 0.11015625 0.0109375 0.0171875
0 0.8921875 0.13125 0.0265625 0.03125
0 0.95625 0.1625 0.034375 0.015625
0 0.9140625 0.209375 0.021875 0.009375
0 0.8734375 0.2171875 0.0171875 0.0078125
0 0.984375 0.2328125 0.021875 0.009375
0 0.9359375 0.2515625 0.0203125 0.009375
0 0.9390625 0.2953125 0.021875 0.009375
0 0.959375 0.3375 0.021875 0.009375
0 0.909375 0.353125 0.0109375 0.015625
0 0.8828125 0.2640625 0.01875 0.009375
0 0.84375 0.26875 0.0203125 0.009375
0 0.7984375 0.3 0.0203125 0.028125
0 0.859375 0.33125 0.0234375 0.025
0 0.865625 0.390625 0.0140625 0.0265625
0 0.9140625 0.4015625 0.015625 0.0296875
0 0.8015625 0.4171875 0.00625 0.003125
0 0.79140625 0.415625 0.0078125 0.00625
0 0.75546875 0.4125 0.0109375 0.0125
0 0.74609375 0.41015625 0.0109375 0.0171875
0 0.796875 0.375 0.0125 0.0296875
0 0.7796875 0.371875 0.0171875 0.028125
0 0.7578125 0.359375 0.0234375 0.0328125
0 0.6875 0.2375 0.0203125 0.028125
0 0.6671875 0.275 0.025 0.040625
0 0.6453125 0.31875 0.0203125 0.03125
0 0.9828125 0.4328125 0.034375 0.028125
0 0.86171875 0.89765625 0.1296875 0.2046875