0 0.6875 0.30625 0.234375 0.0875
0 0.28515625 0.74921875 0.0078125 0.0265625
0 0.459375 0.615625 0.0421875 0.021875
0 0.453125 0.59375 0.0625 0.0265625
0 0.4703125 0.56875 0.040625 0.0171875
0 0.465625 0.546875 0.0609375 0.0265625
0 0.48125 0.525 0.046875 0.015625
0 0.48125 0.5078125 0.0359375 0.0140625
0 0.3375 0.6296875 0.0296875 0.015625
0 0.340625 0.6140625 0.0265625 0.0125
0 0.34375 0.596875 0.028125 0.0125
0 0.346875 0.5828125 0.03125 0.0171875
0 0.3640625 0.5046875 0.028125 0.0109375
0 0.29921875 0.615625 0.0203125 0.071875
0 0.30703125 0.55703125 0.0359375 0.0171875
0 0.31015625 0.540625 0.0421875 0.01875
0 0.31328125 0.51328125 0.0484375 0.0203125
0 0.315625 0.4921875 0.0421875 0.015625
0 0.36875 0.4890625 0.0328125 0.0125
0 0.365625 0.471875 0.028125 0.0109375
0 0.4828125 0.478125 0.040625 0.015625
0 0.484375 0.459375 0.0515625 0.01875
0 0.4828125 0.434375 0.040625 0.0140625
0 0.471875 0.4140625 0.0640625 0.0171875
0 0.4796875 0.3890625 0.04375 0.015625
0 0.4828125 0.36875 0.0375 0.015625
0 0.46484375 0.35390625 0.0640625 0.0078125
0 0.3671875 0.440625 0.028125 0.0125
0 0.3140625 0.46640625 0.05 0.0171875
0 0.3125 0.4203125 0.040625 0.015625
0 0.365625 0.409375 0.0265625 0.0125
0 0.36875 0.3921875 0.0328125 0.0140625
0 0.3671875 0.3765625 0.03125 0.0140625
0 0.31171875 0.39765625 0.0453125 0.0203125
0 0.3125 0.37421875 0.046875 0.0265625
0 0.30703125 0.35546875 0.0359375 0.0109375
0 0.690625 0.53125 0.2 0.115625
0 0.65390625 0.70078125 0.1265625 0.0984375