0 0.22890625 0.48359375 0.0328125 0.0109375
0 0.21875 0.4796875 0.025 0.01875
0 0.2046875 0.4625 0.025 0.025
0 0.1 0.4828125 0.025 0.0125
0 0.0859375 0.47734375 0.028125 0.0234375
0 0.1015625 0.465625 0.0109375 0.0109375
0 0.253125 0.5390625 0.171875 0.1
0 0.428125 0.1296875 0.178125 0.259375
0 0.36484375 0.3921875 0.0515625 0.15625
0 0.753125 0.31328125 0.221875 0.0640625
0 0.8578125 0.4046875 0.253125 0.246875
0 0.82109375 0.99453125 0.0140625 0.0109375
0 0.69140625 0.99609375 0.0109375 0.0078125
0 0.4953125 0.9 0.0046875 0.0046875
0 0.55 0.91875 0.00625 0.0046875
0 0.553125 0.9375 0.0109375 0.0359375
0 0.496875 0.9125 0.009375 0.021875
0 0.91015625 0.9828125 0.1390625 0.034375