0 0.1625 0.025 0.0203125 0.0234375
0 0.15 0.034375 0.034375 0.0375
0 0.1359375 0.04375 0.0328125 0.034375
0 0.1296875 0.059375 0.028125 0.0265625
0 0.1109375 0.0796875 0.025 0.025
0 0.084375 0.103125 0.0296875 0.0328125
0 0.0734375 0.1140625 0.0234375 0.025
0 0.053125 0.128125 0.025 0.025
0 0.1046875 0.13125 0.0140625 0.015625
0 0.11875 0.11875 0.01875 0.01875
0 0.1484375 0.0921875 0.0125 0.0109375
0 0.1921875 0.0515625 0.0109375 0.0125
0 0.2171875 0.1140625 0.0171875 0.0203125
0 0.225 0.10625 0.015625 0.0171875
0 0.2328125 0.1 0.0171875 0.0171875
0 0.240625 0.09375 0.015625 0.01875
0 0.2578125 0.08125 0.015625 0.0171875
0 0.2875 0.071875 0.0078125 0.0078125
0 0.28125 0.0625 0.009375 0.0109375
0 0.24375 0.11875 0.009375 0.009375
0 0.1734375 0.15625 0.009375 0.0078125
0 0.1796875 0.15 0.0171875 0.0203125
0 0.1640625 0.1640625 0.01875 0.0203125
0 0.140625 0.1859375 0.0171875 0.01875
0 0.1234375 0.2 0.0171875 0.01875
0 0.10625 0.2125 0.0203125 0.021875
0 0.0921875 0.2265625 0.0203125 0.021875
0 0.0796875 0.2328125 0.0234375 0.025
0 0.0703125 0.246875 0.028125 0.028125
0 0.05625 0.23125 0.0109375 0.0109375
0 0.0296875 0.3578125 0.00625 0.00625
0 0.0265625 0.3609375 0.0078125 0.009375
0 0.01875 0.365625 0.009375 0.009375
0 0.04375 0.3734375 0.0171875 0.021875
0 0.0609375 0.3703125 0.009375 0.009375
0 0.06875 0.3640625 0.0109375 0.0140625
0 0.078125 0.35625 0.0109375 0.0140625
0 0.1015625 0.3484375 0.009375 0.0078125
0 0.1109375 0.3390625 0.009375 0.009375
0 0.11875 0.3125 0.071875 0.0453125
0 0.2171875 0.228125 0.165625 0.096875
0 0.278125 0.2296875 0.0078125 0.0078125
0 0.26875 0.2390625 0.00625 0.0046875
0 0.271875 0.2640625 0.0078125 0.0078125
0 0.2546875 0.3015625 0.0328125 0.05
0 0.3 0.23203125 0.059375 0.0703125
0 0.803125 0.45 0.0796875 0.059375
0 0.746875 0.640625 0.1640625 0.1265625