0 0.00234375 0.39453125 0.0046875 0.0078125
0 0.009375 0.3875 0.01875 0.0203125
0 0.0328125 0.365625 0.0171875 0.01875
0 0.05 0.3515625 0.0171875 0.01875
0 0.0671875 0.3390625 0.0203125 0.021875
0 0.08125 0.325 0.0203125 0.021875
0 0.09375 0.31875 0.0234375 0.025
0 0.103125 0.3046875 0.028125 0.028125
0 0.1171875 0.3203125 0.0109375 0.0109375
0 0.14375 0.19375 0.00625 0.00625
0 0.146875 0.190625 0.0078125 0.009375
0 0.1546875 0.1859375 0.009375 0.009375
0 0.1296875 0.178125 0.0171875 0.021875
0 0.1125 0.18125 0.009375 0.009375
0 0.1046875 0.1875 0.0109375 0.0140625
0 0.0953125 0.1953125 0.0109375 0.0140625
0 0.071875 0.203125 0.009375 0.0078125
0 0.0625 0.2125 0.009375 0.009375
0 0.0546875 0.2390625 0.071875 0.0453125
0 0.01953125 0.3234375 0.0390625 0.096875
0 0.80234375 0.01640625 0.0890625 0.0328125
0 0.5703125 0.05625 0.125 0.059375
0 0.5875 0.725 0.115625 0.153125