0 0.0578125 0.7515625 0.0109375 0.0046875
0 0.28125 0.7171875 0.0046875 0.003125
0 0.26875 0.7203125 0.0234375 0.00625
0 0.9375 0.53125 0.0421875 0.0453125
0 0.959375 0.615625 0.0109375 0.0125
0 0.9609375 0.7109375 0.01875 0.0390625
0 0.9390625 0.7859375 0.0203125 0.021875
0 0.9296875 0.7984375 0.0125 0.0140625
0 0.9265625 0.8078125 0.0171875 0.0171875
0 0.8921875 0.75 0.0234375 0.0203125
0 0.8828125 0.7375 0.0375 0.034375
0 0.8734375 0.7234375 0.034375 0.0328125
0 0.8578125 0.7171875 0.0265625 0.028125
0 0.8375 0.6984375 0.025 0.025
0 0.8140625 0.671875 0.0328125 0.0296875
0 0.803125 0.6609375 0.025 0.0234375
0 0.7890625 0.640625 0.025 0.025
0 0.7859375 0.6921875 0.015625 0.0140625
0 0.7984375 0.70625 0.01875 0.01875
0 0.825 0.7359375 0.0109375 0.0125
0 0.865625 0.7796875 0.0125 0.0109375
0 0.803125 0.8046875 0.0203125 0.0171875
0 0.8109375 0.8125 0.0171875 0.015625
0 0.8171875 0.8203125 0.0171875 0.0171875
0 0.8234375 0.828125 0.01875 0.015625
0 0.8359375 0.8453125 0.0171875 0.015625
0 0.8453125 0.875 0.0078125 0.0078125
0 0.8546875 0.86875 0.0109375 0.009375
0 0.7984375 0.83125 0.009375 0.009375
0 0.7609375 0.7609375 0.0078125 0.009375
0 0.7671875 0.7671875 0.0203125 0.0171875
0 0.753125 0.7515625 0.0203125 0.01875
0 0.73125 0.728125 0.01875 0.0171875
0 0.7171875 0.7109375 0.01875 0.0171875
0 0.7046875 0.69375 0.021875 0.0203125
0 0.690625 0.6796875 0.021875 0.0203125
0 0.684375 0.6671875 0.025 0.0234375
0 0.6703125 0.6578125 0.028125 0.028125
0 0.6859375 0.64375 0.0109375 0.0109375
0 0.559375 0.6171875 0.00625 0.00625
0 0.55625 0.6140625 0.009375 0.0078125
0 0.5515625 0.60625 0.009375 0.009375
0 0.54375 0.63125 0.021875 0.0171875
0 0.546875 0.6484375 0.009375 0.009375
0 0.553125 0.65625 0.0140625 0.0109375
0 0.5609375 0.665625 0.0140625 0.0109375
0 0.56875 0.6890625 0.0078125 0.009375
0 0.578125 0.6984375 0.009375 0.009375
0 0.6046875 0.70625 0.0453125 0.071875
0 0.6890625 0.8046875 0.096875 0.165625
0 0.6875 0.865625 0.0078125 0.0078125
0 0.678125 0.85625 0.0046875 0.00625
0 0.653125 0.859375 0.0078125 0.0078125
0 0.615625 0.8421875 0.05 0.0328125
0 0.684375 0.90625 0.0703125 0.096875
0 0.2953125 0.853125 0.00625 0.0046875
0 0.2875 0.8453125 0.0234375 0.009375
0 0.19375 0.9265625 0.0171875 0.0078125
0 0.103125 0.84375 0.0125 0.0046875
0 0.00625 0.90625 0.0125 0.00625