0 0.3125 0.25859375 0.334375 0.3828125
0 0.2890625 0.6234375 0.0140625 0.0125
0 0.175 0.6171875 0.00625 0.00625
0 0.1609375 0.6296875 0.0203125 0.021875
0 0.0671875 0.6125 0.0203125 0.015625
0 0.028125 0.6953125 0.0171875 0.0140625
0 0.00234375 0.77890625 0.0046875 0.0234375
0 0.059375 0.8203125 0.01875 0.0171875
0 0.0640625 0.746875 0.01875 0.021875
0 0.0703125 0.6671875 0.015625 0.015625
0 0.3109375 0.6671875 0.01875 0.0203125
0 0.209375 0.66875 0.015625 0.0203125
0 0.2265625 0.73125 0.028125 0.015625
0 0.2625 0.7671875 0.021875 0.0140625
0 0.2921875 0.746875 0.0140625 0.015625
0 0.296875 0.8125 0.01875 0.0140625
0 0.3046875 0.921875 0.015625 0.0140625
0 0.30625 0.8765625 0.0171875 0.0078125
0 0.2625 0.890625 0.021875 0.0171875
0 0.25 0.95 0.01875 0.0125
0 0.2328125 0.9078125 0.0171875 0.0125
0 0.209375 0.8625 0.01875 0.0125
0 0.20625 0.975 0.0125 0.0171875
0 0.18125 0.8890625 0.0171875 0.0140625
0 0.1671875 0.99765625 0.01875 0.0046875
0 0.1546875 0.9578125 0.0171875 0.0140625
0 0.1171875 0.9234375 0.0203125 0.01875
0 0.078125 0.871875 0.0171875 0.0171875
0 0.0171875 0.9015625 0.0140625 0.0171875
0 0.9265625 0.5734375 0.146875 0.246875
0 0.7140625 0.93203125 0.171875 0.1359375
0 0.64375 0.8921875 0.121875 0.0875