0 0.56953125 0.321875 0.0796875 0.215625
0 0.125 0.9796875 0.00625 0.00625
0 0.096875 0.9515625 0.00625 0.00625
0 0.078125 0.9296875 0.00625 0.00625
0 0.075 0.8578125 0.00625 0.00625
0 0.0609375 0.8046875 0.0078125 0.00625
0 0.0515625 0.7703125 0.0078125 0.00625
0 0.125 0.671875 0.0125 0.009375
0 0.0890625 0.690625 0.009375 0.0078125
0 0.0765625 0.7234375 0.00625 0.00625
0 0.034375 0.7109375 0.00625 0.00625
0 0.0453125 0.653125 0.0078125 0.00625
0 0.0140625 0.653125 0.00625 0.0046875
0 0.0203125 0.5015625 0.0171875 0.0109375