0 0.09375 0.03515625 0.09375 0.0703125
0 0.2375 0.3296875 0.096875 0.184375
0 0.5765625 0.15390625 0.134375 0.3078125
0 0.0546875 0.546875 0.0078125 0.0234375
0 0.003125 0.440625 0.00625 0.0046875
0 0.003125 0.5453125 0.00625 0.015625
0 0.003125 0.51875 0.00625 0.01875
0 0.0140625 0.5171875 0.0078125 0.0203125
0 0.0265625 0.5171875 0.0078125 0.025
0 0.034375 0.5171875 0.0078125 0.025
0 0.0546875 0.51875 0.0078125 0.0203125
0 0.0671875 0.5171875 0.009375 0.0265625
0 0.0765625 0.5453125 0.00625 0.015625
0 0.0875 0.51875 0.0078125 0.0171875
0 0.1078125 0.5484375 0.00625 0.01875
0 0.128125 0.51875 0.00625 0.0203125
0 0.1390625 0.51875 0.00625 0.0140625
0 0.1375 0.5484375 0.009375 0.025
0 0.16875 0.5515625 0.00625 0.0140625
0 0.1796875 0.51875 0.0078125 0.0171875
0 0.1890625 0.5484375 0.0078125 0.021875
0 0.1890625 0.5234375 0.00625 0.0140625
0 0.1984375 0.51875 0.009375 0.025
0 0.1984375 0.5484375 0.0078125 0.021875
0 0.2203125 0.51875 0.0078125 0.021875
0 0.2109375 0.5484375 0.0109375 0.0234375
0 0.2375 0.528125 0.0046875 0.00625
0 0.23125 0.515625 0.0078125 0.0203125
0 0.2515625 0.5171875 0.00625 0.01875
0 0.275 0.5171875 0.009375 0.0265625
0 0.83125 0.56875 0.0796875 0.2234375
0 0.7203125 0.9984375 0.009375 0.003125
0 0.5421875 0.8265625 0.0125 0.0140625