0 0.3765625 0.3859375 0.065625 0.0984375
0 0.5015625 0.0328125 0.0109375 0.03125
0 0.5140625 0.00390625 0.009375 0.0078125
0 0.53828125 0.00546875 0.0109375 0.0109375
0 0.5390625 0.0359375 0.009375 0.0328125
0 0.5109375 0.1328125 0.0078125 0.0203125
0 0.521875 0.134375 0.00625 0.0171875
0 0.51875 0.1578125 0.0453125 0.0140625
0 0.5328125 0.203125 0.021875 0.009375
0 0.534375 0.2140625 0.01875 0.0078125
0 0.5328125 0.2234375 0.0234375 0.0078125
0 0.534375 0.2640625 0.0203125 0.0078125
0 0.553125 0.2359375 0.0078125 0.0234375
0 0.55625 0.1765625 0.0140625 0.021875
0 0.5375 0.1234375 0.0140625 0.0375
0 0.553125 0.0875 0.00625 0.0234375
0 0.559375 0.0859375 0.0078125 0.021875
0 0.55625 0.0640625 0.015625 0.0078125
0 0.5578125 0.034375 0.015625 0.00625
0 0.5578125 0.0265625 0.015625 0.00625
0 0.559375 0.01875 0.0171875 0.00625
0 0.5578125 0.009375 0.0140625 0.00625
0 0.97734375 0.27109375 0.0453125 0.1640625
0 0.246875 0.890625 0.03125 0.0203125
0 0.234375 0.934375 0.03125 0.015625
0 0.2015625 0.928125 0.021875 0.0140625
0 0.3875 0.7125 0.0328125 0.0171875
0 0.415625 0.7484375 0.0296875 0.0140625
0 0.371875 0.909375 0.028125 0.0140625
0 0.45625 0.90625 0.0234375 0.009375
0 0.7546875 0.8984375 0.03125 0.0203125
0 0.7421875 0.9421875 0.03125 0.015625
0 0.709375 0.9359375 0.021875 0.0140625
0 0.8953125 0.7203125 0.0328125 0.0171875
0 0.9234375 0.75625 0.0296875 0.0140625
0 0.8796875 0.9171875 0.028125 0.0140625
0 0.9640625 0.9140625 0.0234375 0.009375