0 0.97890625 0.31484375 0.0421875 0.0234375
0 0.86171875 0.1171875 0.2765625 0.090625
0 0.4046875 0.9328125 0.1703125 0.09375
0 0.99375 0.68203125 0.0125 0.0546875
0 0.95625 0.665625 0.021875 0.0421875
0 0.934375 0.671875 0.0265625 0.0625
0 0.909375 0.6546875 0.0171875 0.040625
0 0.8875 0.659375 0.0265625 0.0609375
0 0.865625 0.64375 0.015625 0.046875
0 0.8484375 0.64375 0.0140625 0.0359375
0 0.996875 0.796875 0.00625 0.028125
0 0.9703125 0.7875 0.015625 0.0296875
0 0.9546875 0.784375 0.0125 0.0265625
0 0.9375 0.78125 0.0125 0.028125
0 0.9234375 0.778125 0.0171875 0.03125
0 0.8453125 0.7609375 0.0109375 0.028125
0 0.9578125 0.8296875 0.075 0.028125
0 0.8984375 0.8234375 0.0171875 0.0484375
0 0.88125 0.815625 0.01875 0.04375
0 0.8546875 0.8140625 0.0203125 0.053125
0 0.8328125 0.809375 0.015625 0.0421875
0 0.8296875 0.75625 0.0125 0.0328125
0 0.8125 0.759375 0.0109375 0.028125
0 0.81875 0.6421875 0.015625 0.040625
0 0.8 0.640625 0.01875 0.0515625
0 0.775 0.6421875 0.0140625 0.040625
0 0.7546875 0.653125 0.0171875 0.0640625
0 0.7296875 0.6453125 0.015625 0.04375
0 0.709375 0.6421875 0.015625 0.0375
0 0.69375 0.65859375 0.009375 0.0640625
0 0.78125 0.7578125 0.0125 0.028125
0 0.8078125 0.8125 0.0171875 0.053125
0 0.7609375 0.8125 0.015625 0.040625
0 0.75 0.759375 0.0125 0.0265625
0 0.7328125 0.75625 0.0140625 0.0328125
0 0.7171875 0.7578125 0.0140625 0.03125
0 0.7390625 0.815625 0.0203125 0.0515625
0 0.715625 0.8171875 0.0265625 0.0578125
0 0.6953125 0.82734375 0.0125 0.0578125
0 0.69921875 0.95546875 0.0171875 0.0484375
0 0.71875 0.9546875 0.0171875 0.046875
0 0.740625 0.953125 0.01875 0.05
0 0.78125 0.9515625 0.01875 0.0546875
0 0.8015625 0.95 0.01875 0.0546875
0 0.825 0.9453125 0.01875 0.053125
0 0.846875 0.9453125 0.01875 0.0578125
0 0.8671875 0.9484375 0.01875 0.05
0 0.9140625 0.94375 0.01875 0.0609375
0 0.9328125 0.9453125 0.01875 0.053125
0 0.95625 0.94375 0.0171875 0.059375
0 0.9765625 0.940625 0.01875 0.05625
0 0.996875 0.94140625 0.00625 0.0546875