0 0.084375 0.18125 0.0375 0.0171875
0 0.8671875 0.25625 0.090625 0.3703125
0 0.33359375 0.9484375 0.1578125 0.103125
0 0.925 0.803125 0.003125 0.003125
0 0.9296875 0.8125 0.0125 0.015625
0 0.89375 0.7609375 0.0109375 0.0171875
0 0.834375 0.6390625 0.0109375 0.0265625
0 0.725 0.815625 0.00625 0.003125
0 0.73125 0.7546875 0.00625 0.021875
0 0.8421875 0.8734375 0.0125 0.0234375
0 0.803125 0.83125 0.0109375 0.0203125
0 0.75625 0.8328125 0.0125 0.01875
0 0.6953125 0.80625 0.009375 0.01875
0 0.684375 0.846875 0.0046875 0.0125
0 0.7265625 0.875 0.0078125 0.0109375
0 0.78125 0.9109375 0.015625 0.021875
0 0.721875 0.9375 0.0140625 0.01875
0 0.6921875 0.5515625 0.00625 0.0046875
0 0.6875 0.646875 0.0046875 0.003125
0 0.6953125 0.5703125 0.0109375 0.0359375
0 0.6796875 0.6671875 0.01875 0.034375
0 0.8296875 0.9484375 0.0171875 0.021875
0 0.8859375 0.971875 0.003125 0.0046875
0 0.89375 0.984375 0.0125 0.0140625
0 0.753125 0.978125 0.0078125 0.009375
0 0.65390625 0.95 0.0078125 0.009375